0.000000000010000	39.7633420000
0.000000000010300	39.1816718000
0.000000000010609	38.6087332000
0.000000000010927	38.0439549000
0.000000000011254	37.4878273000
0.000000000011592	36.9395614000
0.000000000011940	36.3996458000
0.000000000012298	35.8673882000
0.000000000012666	35.3432388000
0.000000000013046	34.8264576000
0.000000000013437	34.3176840000
0.000000000013840	33.8160174000
0.000000000014255	33.3220862000
0.000000000014683	32.8351347000
0.000000000015123	32.3555763000
0.000000000015577	31.8827821000
0.000000000016043	31.4173106000
0.000000000016525	30.9583674000
0.000000000017020	30.5064699000
0.000000000017530	30.0609823000
0.000000000018056	29.6222592000
0.000000000018598	29.1897734000
0.000000000019155	28.7639066000
0.000000000019730	28.3440865000
0.000000000020321	27.9306628000
0.000000000020931	27.5230775000
0.000000000021558	27.1218003000
0.000000000022205	26.7261620000
0.000000000022870	26.3366130000
0.000000000023556	25.9525457000
0.000000000024262	25.5744155000
0.000000000024990	25.2016210000
0.000000000025739	24.8345423000
0.000000000026511	24.4726808000
0.000000000027306	24.1163476000
0.000000000028125	23.7650971000
0.000000000028968	23.4192044000
0.000000000029837	23.0782290000
0.000000000030731	22.7425040000
0.000000000031653	22.4115469000
0.000000000032602	22.0856557000
0.000000000033580	21.7644084000
0.000000000034586	21.4480860000
0.000000000035624	21.1362617000
0.000000000036691	20.8292383000
0.000000000037792	20.5265705000
0.000000000038925	20.2285722000
0.000000000040092	19.9347946000
0.000000000041294	19.6455634000
0.000000000042533	19.3604256000
0.000000000043808	19.0797029000
0.000000000045122	18.8029653000
0.000000000046474	18.5304965000
0.000000000047868	18.2619136000
0.000000000049303	17.9974647000
0.000000000050782	17.7367977000
0.000000000052304	17.4801421000
0.000000000053873	17.2271561000
0.000000000055488	16.9780770000
0.000000000057152	16.7325594000
0.000000000058865	16.4908309000
0.000000000060631	16.2525543000
0.000000000062448	16.0179784000
0.000000000064322	15.7867551000
0.000000000066250	15.5591064000
0.000000000068237	15.3347156000
0.000000000070282	15.1138143000
0.000000000072390	14.8960734000
0.000000000074560	14.6817131000
0.000000000076797	14.4704241000
0.000000000079099	14.2624254000
0.000000000081471	14.0574139000
0.000000000083913	13.8555850000
0.000000000086430	13.6566583000
0.000000000089021	13.4608363000
0.000000000091691	13.2678330000
0.000000000094440	13.0778345000
0.000000000097273	12.8905808000
0.000000000100188	12.7062450000
0.000000000103193	12.5246022000
0.000000000106287	12.3457430000
0.000000000109475	12.1694887000
0.000000000112756	11.9960134000
0.000000000116139	11.8250169000
0.000000000119620	11.6567505000
0.000000000123208	11.4908927000
0.000000000126901	11.3276577000
0.000000000130707	11.1668037000
0.000000000134626	11.0084472000
0.000000000138664	10.8523952000
0.000000000142820	10.6988398000
0.000000000147104	10.5475036000
0.000000000151513	10.3985647000
0.000000000156058	10.2518018000
0.000000000160736	10.1073590000
0.000000000165557	9.9650413000
0.000000000170520	9.8249678100
0.000000000175635	9.6869489600
0.000000000180899	9.5511439100
0.000000000186325	9.4173396900
0.000000000191911	9.2856473800
0.000000000197667	9.1559094600
0.000000000203592	9.0282455300
0.000000000209699	8.9024691200
0.000000000215985	8.7787126700
0.000000000222463	8.6567947000
0.000000000229132	8.5368298600
0.000000000236004	8.4186616800
0.000000000243079	8.3023847800
0.000000000250370	8.1878503900
0.000000000257875	8.0751714500
0.000000000265610	7.9641775200
0.000000000273572	7.8549901300
0.000000000281777	7.7474475100
0.000000000290224	7.6416470700
0.000000000298929	7.5374494200
0.000000000307890	7.4349543700
0.000000000317125	7.3340107100
0.000000000326631	7.2347297600
0.000000000336428	7.1369571000
0.000000000346513	7.0407964900
0.000000000356906	6.9461078100
0.000000000367605	6.8529831100
0.000000000378631	6.7612902100
0.000000000389981	6.6711233300
0.000000000401678	6.5823481100
0.000000000415472	6.4826721300
0.000000000429740	6.3848306700
0.000000000444498	6.2887972900
0.000000000459763	6.1945430100
0.000000000475552	6.1020428500
0.000000000491883	6.0112696200
0.000000000508775	5.9221946500
0.000000000526247	5.8347932500
0.000000000544319	5.7490393500
0.000000000563012	5.6649060100
0.000000000582347	5.5823700200
0.000000000602346	5.5014072100
0.000000000623031	5.4219966400
0.000000000644427	5.3441092800
0.000000000666558	5.2677236600
0.000000000689448	5.1928210500
0.000000000713125	5.1193728200
0.000000000737615	5.0473602300
0.000000000762946	4.9767613400
0.000000000789147	4.9075545400
0.000000000816247	4.8397210000
0.000000000844279	4.7732349400
0.000000000873272	4.7080830200
0.000000000903262	4.6442385700
0.000000000934281	4.5816866700
0.000000000966366	4.5204046100
0.000000000999553	4.4603745800
0.000000001033879	4.4015792100
0.000000001069384	4.3439984500
0.000000001106108	4.2876148300
0.000000001144094	4.2324087000
0.000000001183384	4.1783643000
0.000000001224023	4.1254637800
0.000000001266058	4.0736890800
0.000000001309537	4.0230231900
0.000000001354508	3.9734511100
0.000000001401024	3.9249543500
0.000000001449138	3.8775167200
0.000000001498903	3.8311238400
0.000000001550378	3.7857576700
0.000000001603620	3.7414039600
0.000000001658691	3.6980460700
0.000000001715653	3.6556692500
0.000000001774572	3.6142575500
0.000000001835513	3.5737974100
0.000000001906561	3.5294071000
0.000000001980394	3.4861595500
0.000000002057049	3.4440749600
0.000000002136710	3.4030924900
0.000000002219416	3.3632310200
0.000000002305364	3.3244323500
0.000000002394598	3.2867132800
0.000000002487330	3.2500185700
0.000000002583608	3.2143627100
0.000000002683660	3.1796930300
0.000000002787537	3.1460229100
0.000000002895486	3.1133011800
0.000000003007562	3.0815398600
0.000000003124032	3.0506898200
0.000000003244954	3.0207616800
0.000000003370617	2.9917082500
0.000000003515923	2.9604541900
0.000000003667494	2.9302488800
0.000000003825598	2.9010675900
0.000000003990519	2.8728848800
0.000000004162549	2.8456762700
0.000000004341995	2.8194169900
0.000000004529177	2.7940824900
0.000000004724429	2.7696483900
0.000000004928097	2.7460907400
0.000000005162243	2.7211653900
0.000000005407609	2.6972303900
0.000000005664537	2.6742727700
0.000000005933777	2.6522438300
0.000000006215705	2.6311297600
0.000000006511143	2.6108840800
0.000000006849411	2.5897664900
0.000000007205252	2.5696179700
0.000000007579581	2.5504007800
0.000000007973356	2.5320781100
0.000000008422990	2.5131989300
0.000000008898138	2.4952761500
0.000000009399922	2.4782775800
0.000000009930180	2.4621496000
0.000000010534625	2.4457162200
0.000000011175863	2.4302010000
0.000000011856133	2.4155559700
0.000000012630897	2.4007802200
0.000000013456528	2.3868923100
0.000000014396636	2.3730056000
0.000000015402421	2.3600155700
0.000000016548023	2.3471350100
0.000000017779149	2.3351371000
0.000000019182488	2.3233347300
0.000000020783948	2.3118107100
0.000000022519508	2.3011718400
0.000000025268741	2.2873129700
0.000000025300000	2.2871727500
0.000000027645049	2.2775595800
0.000000030334954	2.2683686600
0.000000033427081	2.2596377400
0.000000036990519	2.2513934000
0.000000041280828	2.2433622200
0.000000046264006	2.2359081100
0.000000052287314	2.2287960100
0.000000059596832	2.2220941500
0.000000068502791	2.2158573500
0.000000079408519	2.2101218800
0.000000093222567	2.2047843100
0.000000110833270	2.1999186000
0.000000134016714	2.1954780600
0.000000165504159	2.1914484400
0.000000209631649	2.1878374400
0.000000274643157	2.1846259900
0.000000375327774	2.1818382300
0.000000544144957	2.1794605500
0.000000858377830	2.1774862500
0.000001624049460	2.1757618000
0.000155764518000	2.1240640400
0.000950000000000	2.1065175000
0.001000000000000	2.1066584600
0.002500000000000	2.1044087000
0.007470268310000	2.1256724700
0.016977471600000	2.1888835300
0.034005083500000	2.3227098700
0.108706048000000	2.9485647700
0.154149587000000	3.2953019800
0.185078970000000	3.5036992400
0.223103815000000	3.7133254700
0.243385980000000	3.7979298100
0.263668145000000	3.8609059300
0.283950310000000	3.9025596200
0.320000000000000	3.9290787300
0.354937888000000	3.9033139700
0.390722270000000	3.8462304300
0.462697425000000	3.7019280000
0.493543920000000	3.6249688500
0.616929900000000	3.2252169400
0.719751550000000	2.9271790200
0.790713800000000	2.7405196800
0.871680520000000	2.5578263600
0.932979590000000	2.4346444400
1.000000000000000	2.3130914700
1.115519080000000	2.1461505100
1.267635310000000	1.9143920200
1.350000000000000	1.7966938900
1.400000000000000	1.7415218300
1.500000000000000	1.6512617300
1.550000000000000	1.6171201000
1.600000000000000	1.6277108900
1.660000000000000	1.6567398300
1.740000000000000	1.7242719000
1.760000000000000	1.7324123600
1.780000000000000	1.7281852300
1.820000000000000	1.6858230600
1.940000000000000	1.5004752300
1.960000000000000	1.4806084400
1.980000000000000	1.4679056300
2.040000000000000	1.4455522400
2.100000000000000	1.4308567400
2.120000000000000	1.4301435800
2.180000000000000	1.4401901200
2.220000000000000	1.4610274200
2.240000000000000	1.4781592900
2.300000000000000	1.5438706300
2.360000000000000	1.6022052400
2.460000000000000	1.6843777200
2.480000000000000	1.7075954500
2.560000000000000	1.8312259200
2.620000000000000	1.9381227500
2.640000000000000	1.9629166500
2.700000000000000	1.9945634400
2.780000000000000	2.0173742200
2.800000000000000	2.0071461500
2.820000000000000	1.9841060500
2.850000000000000	1.9353369500
3.140000000000000	1.5408717600
3.250000000000000	1.4080049600
3.300000000000000	1.3553177800
3.350000000000000	1.3415705200
3.400000000000000	1.3491486500
3.420000000000000	1.3385141000
3.458281000000000	1.2972189100
3.500000000000000	1.2426199200
3.600000000000000	1.1604673700
3.650000000000000	1.1256335500
3.700000000000000	1.1003831300
3.750000000000000	1.0824840600
3.800000000000000	1.0772080900
3.855669130000000	1.1043857500
4.000000000000000	1.2039104200
4.050000000000000	1.2477244200
4.100000000000000	1.2781238100
4.200000000000000	1.3214207700
4.300000000000000	1.3338158200
4.350000000000000	1.3214399400
4.400000000000000	1.2890650000
4.650000000000000	1.1532534800
4.750000000000000	1.0890690800
4.800000000000000	1.0649992900
4.850000000000000	1.0467076400
5.100000000000000	0.9775132990
5.200000000000000	0.9547594390
5.254914000000000	0.9453104690
5.400000000000000	0.9373966060
5.625092000000000	0.9572169480
5.800000000000000	0.9645565910
6.000000000000000	0.9816572170
6.200000000000000	1.0047533300
6.400000000000000	1.0176171700
6.500000000000000	1.0064684400
6.600000000000000	1.0149362100
6.700000000000000	1.0086143200
7.000000000000000	0.9817074080
7.300000000000000	0.9696819690
8.100000000000000	0.9188283250
8.600000000000000	0.8783474400
8.900000000000000	0.8620813990
9.100000000000000	0.8595670590
9.331206730000000	0.8651859850
9.900000000000000	0.8893119350
12.000000000000000	0.9228955040
12.272120700000000	0.9204516370
12.800000000000000	0.9085638720
13.500000000000000	0.9052159870
16.428553700000000	0.9306635430
20.000000000000000	0.9519713710
