0.000000000010000	0.1704270340
0.000000000010300	0.1679275150
0.000000000010609	0.1654654220
0.000000000010927	0.1630382970
0.000000000011254	0.1606482500
0.000000000011592	0.1582918900
0.000000000011940	0.1559713150
0.000000000012298	0.1536835510
0.000000000012666	0.1514305330
0.000000000013046	0.1492090800
0.000000000013437	0.1470219400
0.000000000013840	0.1448652430
0.000000000014255	0.1427416880
0.000000000014683	0.1406480290
0.000000000015123	0.1385860420
0.000000000015577	0.1365530220
0.000000000016043	0.1345513720
0.000000000016525	0.1325776750
0.000000000017020	0.1306341570
0.000000000017530	0.1287180830
0.000000000018056	0.1268309780
0.000000000018598	0.1249705740
0.000000000019155	0.1231385140
0.000000000019730	0.1213323350
0.000000000020321	0.1195535430
0.000000000020931	0.1177997350
0.000000000021558	0.1160729340
0.000000000022205	0.1143702600
0.000000000022870	0.1126936500
0.000000000023556	0.1110404910
0.000000000024262	0.1094127410
0.000000000024990	0.1078078130
0.000000000025739	0.1062273420
0.000000000026511	0.1046691820
0.000000000027306	0.1031346730
0.000000000028125	0.1016218960
0.000000000028968	0.1001320350
0.000000000029837	0.0986631930
0.000000000030731	0.0972168050
0.000000000031653	0.0957907930
0.000000000032602	0.0943864400
0.000000000033580	0.0930019280
0.000000000034586	0.0916384680
0.000000000035624	0.0902942210
0.000000000036691	0.0889704920
0.000000000037792	0.0876653600
0.000000000038925	0.0863801810
0.000000000040092	0.0851130170
0.000000000041294	0.0838652740
0.000000000042533	0.0826349980
0.000000000043808	0.0814235770
0.000000000045122	0.0802291550
0.000000000046474	0.0790529570
0.000000000047868	0.0778933310
0.000000000049303	0.0767513460
0.000000000050782	0.0756254840
0.000000000052304	0.0745167350
0.000000000053873	0.0734236220
0.000000000055488	0.0723471720
0.000000000057152	0.0712858910
0.000000000058865	0.0702407630
0.000000000060631	0.0692103310
0.000000000062448	0.0681956710
0.000000000064322	0.0671952770
0.000000000066250	0.0662101090
0.000000000068237	0.0652387970
0.000000000070282	0.0642823450
0.000000000072390	0.0633393260
0.000000000074560	0.0624106950
0.000000000076797	0.0614951120
0.000000000079099	0.0605935260
0.000000000081471	0.0597046240
0.000000000083913	0.0588292520
0.000000000086430	0.0579661950
0.000000000089021	0.0571163320
0.000000000091691	0.0562784220
0.000000000094440	0.0554532720
0.000000000097273	0.0546397530
0.000000000100188	0.0538386180
0.000000000103193	0.0530488910
0.000000000106287	0.0522709630
0.000000000109475	0.0515040600
0.000000000112756	0.0507489380
0.000000000116139	0.0500042910
0.000000000119620	0.0492712130
0.000000000123208	0.0485483050
0.000000000126901	0.0478365000
0.000000000130707	0.0471347440
0.000000000134626	0.0464435450
0.000000000138664	0.0457620610
0.000000000142820	0.0450911330
0.000000000147104	0.0444295470
0.000000000151513	0.0437780830
0.000000000156058	0.0431357730
0.000000000160736	0.0425032490
0.000000000165557	0.0418796560
0.000000000170520	0.0412655180
0.000000000175635	0.0406600030
0.000000000180899	0.0400638100
0.000000000186325	0.0394760040
0.000000000191911	0.0388970750
0.000000000197667	0.0383263300
0.000000000203592	0.0377642960
0.000000000209699	0.0372101530
0.000000000215985	0.0366644840
0.000000000222463	0.0361264900
0.000000000229132	0.0355966780
0.000000000236004	0.0350743570
0.000000000243079	0.0345599460
0.000000000250370	0.0340527890
0.000000000257875	0.0335533850
0.000000000265610	0.0330609800
0.000000000273572	0.0325761140
0.000000000281777	0.0320980690
0.000000000290224	0.0316272810
0.000000000298929	0.0311631280
0.000000000307890	0.0307060580
0.000000000317125	0.0302553950
0.000000000326631	0.0298116400
0.000000000336428	0.0293741020
0.000000000346513	0.0289432480
0.000000000356906	0.0285184500
0.000000000367605	0.0281001220
0.000000000378631	0.0276876730
0.000000000389981	0.0272815280
0.000000000401678	0.0268810830
0.000000000413719	0.0264867510
0.000000000426128	0.0260979550
0.000000000438901	0.0257150960
0.000000000452066	0.0253376180
0.000000000465617	0.0249658920
0.000000000479583	0.0245993960
0.000000000493959	0.0242384830
0.000000000508775	0.0238826500
0.000000000524026	0.0235322360
0.000000000539744	0.0231867510
0.000000000555923	0.0228465330
0.000000000572598	0.0225110980
0.000000000589762	0.0221807760
0.000000000607452	0.0218550950
0.000000000625661	0.0215343850
0.000000000644427	0.0212181830
0.000000000663744	0.0209067960
0.000000000683653	0.0205997900
0.000000000704146	0.0202974610
0.000000000725267	0.0199993790
0.000000000747007	0.0197058470
0.000000000769413	0.0194164440
0.000000000792477	0.0191314410
0.000000000816247	0.0188504510
0.000000000840715	0.0185737390
0.000000000865932	0.0183009170
0.000000000891889	0.0180322560
0.000000000918641	0.0177673670
0.000000000946178	0.0175065190
0.000000000974558	0.0172493350
0.000000001003771	0.0169960710
0.000000001033879	0.0167463640
0.000000001064871	0.0165004650
0.000000001096811	0.0162580180
0.000000001129689	0.0160192700
0.000000001163573	0.0157838750
0.000000001198452	0.0155520660
0.000000001234399	0.0153235160
0.000000001271402	0.0150984460
0.000000001309537	0.0148765370
0.000000001348791	0.0146580150
0.000000001389247	0.0144425630
0.000000001430892	0.0142303890
0.000000001473810	0.0140212000
0.000000001517989	0.0138151950
0.000000001563521	0.0136120840
0.000000001610389	0.0134120710
0.000000001658691	0.0132148680
0.000000001708412	0.0130206680
0.000000001759655	0.0128291970
0.000000001812403	0.0126406430
0.000000001866765	0.0124547360
0.000000001922723	0.0122716660
0.000000001980394	0.0120911640
0.000000002039758	0.0119134160
0.000000002100939	0.0117381640
0.000000002163917	0.0115655810
0.000000002228823	0.0113954220
0.000000002295634	0.0112278590
0.000000002364490	0.0110626480
0.000000002435368	0.0108999550
0.000000002508415	0.0107395490
0.000000002583608	0.0105815860
0.000000002661102	0.0104258420
0.000000002740871	0.0102724740
0.000000002823082	0.0101212600
0.000000002907706	0.0099723510
0.000000002994921	0.0098255350
0.000000003084697	0.0096809560
0.000000003177221	0.0095384100
0.000000003272461	0.0093980370
0.000000003370617	0.0092596370
0.000000003471655	0.0091233480
0.000000003575785	0.0089889740
0.000000003682973	0.0088566500
0.000000003793441	0.0087261860
0.000000003907154	0.0085977120
0.000000004024346	0.0084710460
0.000000004144980	0.0083463110
0.000000004269306	0.0082233320
0.000000004397283	0.0081022280
0.000000004529177	0.0079828300
0.000000004664944	0.0078652530
0.000000004804866	0.0077493310
0.000000004948897	0.0076351790
0.000000005097336	0.0075226340
0.000000005250134	0.0074118080
0.000000005407609	0.0073025430
0.000000005569708	0.0071949470
0.000000005736768	0.0070888670
0.000000005908733	0.0069844090
0.000000006085962	0.0068814230
0.000000006268395	0.0067800110
0.000000006456412	0.0066800300
0.000000006649949	0.0065815780
0.000000006849411	0.0064845150
0.000000007054729	0.0063889380
0.000000007266331	0.0062947100
0.000000007484147	0.0062019250
0.000000007708630	0.0061104510
0.000000007939704	0.0060203790
0.000000008177850	0.0059315800
0.000000008422990	0.0058441420
0.000000008675632	0.0057579420
0.000000008935694	0.0056730650
0.000000009203714	0.0055893900
0.000000009479605	0.0055070000
0.000000009763940	0.0054257780
0.000000010056625	0.0053458050
0.000000010358267	0.0052669670
0.000000010668767	0.0051893430
0.000000010988770	0.0051128220
0.000000011318170	0.0050374800
0.000000011657652	0.0049632110
0.000000012007102	0.0048900880
0.000000012367248	0.0048180080
0.000000012737969	0.0047470420
0.000000013120036	0.0046770900
0.000000013513323	0.0046082210
0.000000013918647	0.0045403390
0.000000014335873	0.0044735090
0.000000014765869	0.0044076390
0.000000015208491	0.0043427930
0.000000015664661	0.0042788800
0.000000016134225	0.0042159630
0.000000016618162	0.0041539540
0.000000017116308	0.0040929130
0.000000017629702	0.0040327560
0.000000018158171	0.0039735410
0.000000018702814	0.0039151860
0.000000019263450	0.0038577470
0.000000019841246	0.0038011430
0.000000020436008	0.0037454310
0.000000021048973	0.0036905310
0.000000021679938	0.0036364990
0.000000022330215	0.0035832550
0.000000022999587	0.0035308550
0.000000023689445	0.0034792210
0.000000024399561	0.0034284050
0.000000025268741	0.0033691850
0.000000025300000	0.0033671130
0.000000026058858	0.0033179780
0.000000026840000	0.0032696210
0.000000027645049	0.0032219740
0.000000028473738	0.0031750810
0.000000029327791	0.0031288750
0.000000030206922	0.0030833990
0.000000031112960	0.0030385880
0.000000032045604	0.0029944830
0.000000033006792	0.0029510210
0.000000033996206	0.0029082410
0.000000035015901	0.0028660810
0.000000036065539	0.0028245810
0.000000037147303	0.0027836780
0.000000038260833	0.0027434130
0.000000039408443	0.0027037240
0.000000040589752	0.0026646490
0.000000041807217	0.0026261310
0.000000043060432	0.0025882060
0.000000044352004	0.0025508170
0.000000045681502	0.0025140010
0.000000047051690	0.0024777030
0.000000048462114	0.0024419580
0.000000049915706	0.0024067140
0.000000051411981	0.0023720040
0.000000052954052	0.0023377780
0.000000054541406	0.0023040700
0.000000056177342	0.0022708290
0.000000057861316	0.0022380890
0.000000059596832	0.0022058020
0.000000061383309	0.0021740000
0.000000063224464	0.0021426360
0.000000065119683	0.0021117410
0.000000067072909	0.0020812690
0.000000069083489	0.0020512520
0.000000071155607	0.0020216430
0.000000073288570	0.0019924730
0.000000075486817	0.0019636980
0.000000077749613	0.0019353450
0.000000080081665	0.0019073720
0.000000082482197	0.0018798070
0.000000084956200	0.0018526070
0.000000087502851	0.0018257990
0.000000090127446	0.0017993440
0.000000092829111	0.0017732660
0.000000095613464	0.0017475280
0.000000098479577	0.0017221560
0.000000101433412	0.0016971120
0.000000104473985	0.0016724240
0.000000107607619	0.0016480560
0.000000110833270	0.0016240350
0.000000114157646	0.0016003280
0.000000117579641	0.0015769610
0.000000121106371	0.0015539050
0.000000124736661	0.0015311840
0.000000128478062	0.0015087680
0.000000132329326	0.0014866840
0.000000136298464	0.0014649000
0.000000140384153	0.0014434450
0.000000144594890	0.0014222840
0.000000148929273	0.0014014410
0.000000153396316	0.0013808900
0.000000157994531	0.0013606500
0.000000162733481	0.0013406940
0.000000167611588	0.0013210410
0.000000172638996	0.0013016650
0.000000177814030	0.0012825840
0.000000183147454	0.0012637710
0.000000188637490	0.0012452460
0.000000194295557	0.0012269810
0.000000200119770	0.0012089940
0.000000206122241	0.0011912600
0.000000212300971	0.0011737970
0.000000218668809	0.0011565800
0.000000225223636	0.0011396250
0.000000231979082	0.0011229090
0.000000238932897	0.0011064480
0.000000246099545	0.0010902180
0.000000253476636	0.0010742360
0.000000261079514	0.0010584790
0.000000268905645	0.0010429620
0.000000276971307	0.0010276640
0.000000285273811	0.0010125990
0.000000293830426	0.0009977470
0.000000302638301	0.0009831200
0.000000311715753	0.0009687000
0.000000321059758	0.0009544990
0.000000330689751	0.0009404990
0.000000340602522	0.0009267120
0.000000350818688	0.0009131190
0.000000361334845	0.0008997340
0.000000372172865	0.0008865370
0.000000383329135	0.0008735410
0.000000394826860	0.0008607280
0.000000406662208	0.0008481110
0.000000418859794	0.0008356700
0.000000431415555	0.0008234200
0.000000444355602	0.0008113420
0.000000457675626	0.0007994480
0.000000471403329	0.0007877210
0.000000485534136	0.0007761730
0.000000500097438	0.0007647880
0.000000515088382	0.0007535770
0.000000530538145	0.0007425230
0.000000546441581	0.0007316390
0.000000562831765	0.0007209070
0.000000579703235	0.0007103390
0.000000597091082	0.0006999200
0.000000614989512	0.0006896600
0.000000633435749	0.0006795440
0.000000652423648	0.0006695820
0.000000671992699	0.0006597610
0.000000692136383	0.0006500890
0.000000712896594	0.0006405530
0.000000734266415	0.0006311630
0.000000756290290	0.0006219060
0.000000778960882	0.0006127900
0.000000802325342	0.0006038020
0.000000826375882	0.0005949510
0.000000851162526	0.0005862240
0.000000876677012	0.0005776300
0.000000902972407	0.0005691560
0.000000930039949	0.0005608130
0.000000957935933	0.0005525870
0.000000986651065	0.0005444870
0.000001011955890	0.0005376370
0.000001040509740	0.0005302090
0.000001069869290	0.0005228840
0.000001100057250	0.0005156600
0.000001131097020	0.0005085360
0.000001163012620	0.0005015100
0.000001195828760	0.0004945810
0.000001229570870	0.0004877480
0.000001264265050	0.0004810100
0.000001299938190	0.0004743660
0.000001336617890	0.0004678140
0.000001374332570	0.0004613520
0.000001413111430	0.0004549790
0.000001452984480	0.0004486940
0.000001515060100	0.0004394100
0.000001579482010	0.0004303600
0.000001646961960	0.0004214530
0.000001716992470	0.0004127680
0.000001790347250	0.0004042220
0.000001866474650	0.0003958950
0.000001946215740	0.0003877050
0.000002028970830	0.0003797160
0.000002115654210	0.0003718520
0.000002205613990	0.0003641880
0.000002299844080	0.0003566520
0.000002397635800	0.0003493070
0.000002500069600	0.0003420830
0.000002606375120	0.0003350370
0.000002717726860	0.0003280980
0.000002833287380	0.0003213360
0.000002995434070	0.0003125270
0.000003166860280	0.0003039540
0.000003348097070	0.0002956250
0.000003539705890	0.0002875090
0.000003742280320	0.0002796140
0.000003956447920	0.0002719510
0.000004182872160	0.0002644860
0.000004422254460	0.0002572410
0.000004741297230	0.0002484280
0.000005082373440	0.0002399500
0.000005449040380	0.0002317250
0.000005841029730	0.0002238430
0.000006262429790	0.0002161840
0.000006807639920	0.0002073550
0.000007400316310	0.0001988600
0.000008044591380	0.0001907420
0.000008744957350	0.0001829630
0.000009638548900	0.0001742760
0.000010625507400	0.0001659770
0.000011550569100	0.0001592210
0.000012910458300	0.0001505500
0.000014229695900	0.0001434790
0.000015256294800	0.0001385700
0.000016815238500	0.0001319340
0.000018279181200	0.0001265690
0.000019870575400	0.0001213950
0.000021600517200	0.0001164240
0.000023158882700	0.0001124500
0.000025525341600	0.0001070680
0.000027747590000	0.0001027560
0.000030163308500	0.0000985339
0.000033251940800	0.0000938145
0.000036146870600	0.0000900016
0.000039293834400	0.0000863207
0.000042714774400	0.0000827856
0.000046433543100	0.0000794201
0.000051178291400	0.0000756150
0.000059647595700	0.0000700516
0.000066670117100	0.0000662560
0.000072474449400	0.0000635644
0.000078784109600	0.0000609648
0.000085643091800	0.0000584681
0.000091804026100	0.0000564677
0.000102612437000	0.0000534028
0.000119593386000	0.0000494750
0.000133673537000	0.0000467935
0.000155764518000	0.0000433499
0.000169325451000	0.0000415744
0.000184067006000	0.0000398818
0.000202914915000	0.0000379715
0.000220580784000	0.0000364445
0.000239784653000	0.0000349431
0.000264286721000	0.0000332732
0.000287295649000	0.0000319225
0.000312307745000	0.0000306164
0.000339497407000	0.0000293624
0.000369054213000	0.0000281675
0.000406844257000	0.0000268174
0.000436111542000	0.0000259139
0.000478542592000	0.0000247336
0.000531390446000	0.0000234676
0.000619208400000	0.0000217403
0.000682613482000	0.0000207053
0.000756641093000	0.0000196695
0.000836783284000	0.0000187009
0.000896979230000	0.0000180641
0.001000000000000	0.0000171078
0.009993544560000	0.0000010126
0.010000000000000	0.0000010047
0.010008817700000	0.0000010005
0.100000000000000	0.0000009000
0.500000000000000	0.0000010000
1.053000000000000	0.0000013111
1.596820220000000	0.0000037292
2.053000000000000	0.0000057302
2.553000000000000	0.0000106489
3.053000000000000	0.0000144889
3.553000000000000	0.0000175941
4.053000000000000	0.0000217399
4.553000000000000	0.0000249401
5.053000000000000	0.0000292332
5.553000000000000	0.0000353786
6.053000000000000	0.0000461754
6.553000000000000	0.0000602325
7.053000000000000	0.0000781717
7.553000000000000	0.0001011680
8.053000000000000	0.0001118990
8.553000000000000	0.0001162450
9.053000000000000	0.0001116230
9.553000000000000	0.0000967340
10.053000000000000	0.0000879668
10.553000000000000	0.0000778282
11.053000000000000	0.0000689096
11.553000000000000	0.0000636894
12.053000000000000	0.0000609843
12.553000000000000	0.0000656619
13.053000000000000	0.0000752118
13.553000000000000	0.0000944049
14.053000000000000	0.0001182010
14.553000000000000	0.0001392550
15.053000000000000	0.0001635870
15.553000000000000	0.0001815520
16.053000000000000	0.0001968200
16.553000000000000	0.0002071450
17.053000000000000	0.0002090310
17.553000000000000	0.0002039450
18.053000000000000	0.0001965570
18.553000000000000	0.0001949640
19.053000000000000	0.0001967520
19.553000000000000	0.0002063210
20.000010000000000	0.0002112660
150.000000000000000	0.0000010005
