0.000000000010000	78.9477447000
0.000000000010300	77.7934720000
0.000000000010609	76.6565355000
0.000000000010927	75.5358012000
0.000000000011254	74.4322423000
0.000000000011592	73.3442933000
0.000000000011940	72.2729234000
0.000000000012298	71.2167591000
0.000000000012666	70.1766938000
0.000000000013046	69.1512591000
0.000000000013437	68.1417235000
0.000000000013840	67.1463004000
0.000000000014255	66.1662361000
0.000000000014683	65.2000317000
0.000000000015123	64.2485071000
0.000000000015577	63.3104148000
0.000000000016043	62.3868624000
0.000000000016525	61.4762743000
0.000000000017020	60.5796767000
0.000000000017530	59.6958083000
0.000000000018056	58.8253725000
0.000000000018598	57.9673234000
0.000000000019155	57.1224183000
0.000000000019730	56.2895216000
0.000000000020321	55.4693274000
0.000000000020931	54.6607284000
0.000000000021558	53.8646566000
0.000000000022205	53.0797844000
0.000000000022870	52.3070051000
0.000000000023556	51.5451136000
0.000000000024262	50.7950131000
0.000000000024990	50.0555108000
0.000000000025739	49.3273605000
0.000000000026511	48.6095732000
0.000000000027306	47.9027661000
0.000000000028125	47.2060552000
0.000000000028968	46.5199860000
0.000000000029837	45.8436851000
0.000000000030731	45.1778131000
0.000000000031653	44.5214129000
0.000000000032602	43.8750756000
0.000000000033580	43.2379642000
0.000000000034586	42.6106360000
0.000000000035624	41.9922447000
0.000000000036691	41.3833904000
0.000000000037792	40.7831906000
0.000000000038925	40.1922672000
0.000000000040092	39.6097305000
0.000000000041294	39.0362264000
0.000000000042533	38.4708564000
0.000000000043808	37.9142586000
0.000000000045122	37.3655804000
0.000000000046474	36.8253841000
0.000000000047868	36.2929108000
0.000000000049303	35.7686519000
0.000000000050782	35.2519098000
0.000000000052304	34.7431394000
0.000000000053873	34.2416629000
0.000000000055488	33.7479509000
0.000000000057152	33.2613187000
0.000000000058865	32.7822172000
0.000000000060631	32.3099784000
0.000000000062448	31.8450949000
0.000000000064322	31.3868774000
0.000000000066250	30.9357654000
0.000000000068237	30.4911314000
0.000000000070282	30.0534344000
0.000000000072390	29.6220221000
0.000000000074560	29.1973310000
0.000000000076797	28.7787481000
0.000000000079099	28.3667072000
0.000000000081471	27.9606081000
0.000000000083913	27.5608374000
0.000000000086430	27.1668402000
0.000000000089021	26.7790171000
0.000000000091691	26.3968020000
0.000000000094440	26.0205631000
0.000000000097273	25.6497856000
0.000000000100188	25.2848124000
0.000000000103193	24.9251980000
0.000000000106287	24.5711216000
0.000000000109475	24.2222299000
0.000000000112756	23.8788667000
0.000000000116139	23.5404385000
0.000000000119620	23.2074422000
0.000000000123208	22.8792417000
0.000000000126901	22.5562607000
0.000000000130707	22.2380207000
0.000000000134626	21.9247522000
0.000000000138664	21.6160733000
0.000000000142820	21.3123640000
0.000000000147104	21.0130753000
0.000000000151513	20.7185597000
0.000000000156058	20.4283795000
0.000000000160736	20.1428192000
0.000000000165557	19.8614936000
0.000000000170520	19.5846378000
0.000000000175635	19.3118772000
0.000000000180899	19.0435261000
0.000000000186325	18.7791638000
0.000000000191911	18.5190094000
0.000000000197667	18.2627518000
0.000000000203592	18.0106271000
0.000000000209699	17.7622670000
0.000000000215985	17.5179327000
0.000000000222463	17.2772660000
0.000000000229132	17.0404929000
0.000000000236004	16.8073047000
0.000000000243079	16.5778877000
0.000000000250370	16.3519484000
0.000000000257875	16.1297095000
0.000000000265610	15.9108345000
0.000000000273572	15.6955631000
0.000000000281777	15.4835760000
0.000000000290224	15.2750652000
0.000000000298929	15.0697557000
0.000000000307890	14.8678440000
0.000000000317125	14.6690321000
0.000000000326631	14.4735390000
0.000000000337848	14.2538859000
0.000000000349450	14.0382722000
0.000000000361451	13.8266354000
0.000000000373864	13.6189137000
0.000000000386703	13.4150469000
0.000000000399983	13.2149754000
0.000000000413719	13.0186408000
0.000000000427926	12.8259858000
0.000000000442622	12.6369538000
0.000000000457822	12.4514894000
0.000000000473545	12.2695380000
0.000000000489807	12.0910461000
0.000000000506628	11.9159609000
0.000000000524026	11.7442305000
0.000000000542022	11.5758042000
0.000000000560636	11.4106316000
0.000000000579889	11.2486636000
0.000000000599803	11.0898517000
0.000000000620402	10.9341482000
0.000000000641707	10.7815062000
0.000000000663744	10.6318796000
0.000000000686539	10.4852230000
0.000000000710115	10.3414918000
0.000000000734502	10.2006420000
0.000000000759726	10.0626303000
0.000000000785816	9.9274140800
0.000000000812802	9.7949514900
0.000000000840715	9.6652012000
0.000000000869587	9.5381225300
0.000000000899450	9.4136754100
0.000000000930338	9.2918203500
0.000000000962287	9.1725184500
0.000000000995334	9.0557313300
0.000000001029515	8.9414211900
0.000000001064871	8.8295507200
0.000000001101440	8.7200831300
0.000000001139265	8.6129821100
0.000000001178389	8.5082118400
0.000000001218857	8.4057369300
0.000000001260715	8.3055224400
0.000000001304010	8.2075338700
0.000000001348791	8.1117371200
0.000000001395111	8.0180984700
0.000000001443021	7.9265845900
0.000000001492577	7.8371625200
0.000000001543834	7.7497996400
0.000000001603620	7.6539160600
0.000000001665692	7.5605953700
0.000000001730197	7.4697069700
0.000000001797168	7.3812908900
0.000000001866765	7.2952195100
0.000000001939022	7.2115316200
0.000000002014112	7.1301031900
0.000000002092072	7.0509696900
0.000000002173089	6.9740128200
0.000000002257203	6.8992632000
0.000000002344615	6.8266083400
0.000000002435368	6.7560756200
0.000000002529679	6.6875569500
0.000000002627596	6.6210752600
0.000000002729351	6.5565281400
0.000000002834997	6.4939348100
0.000000002957213	6.4265783300
0.000000003084697	6.3614929700
0.000000003217678	6.2986241600
0.000000003356391	6.2379176700
0.000000003501084	6.1793196200
0.000000003652015	6.1227764600
0.000000003809452	6.0682350100
0.000000003973676	6.0156424500
0.000000004144980	5.9649463300
0.000000004341995	5.9112987900
0.000000004548293	5.8598344000
0.000000004764478	5.8104455400
0.000000004990849	5.7631029400
0.000000005228069	5.7177033300
0.000000005476466	5.6742160200
0.000000005760980	5.6288509300
0.000000006060276	5.5855807100
0.000000006375120	5.5443235900
0.000000006706321	5.5049993300
0.000000007084630	5.4644816400
0.000000007484147	5.4260550200
0.000000007906334	5.3895992900
0.000000008352189	5.3550453100
0.000000008860582	5.3198379500
0.000000009399922	5.2866097300
0.000000010014358	5.2530807000
0.000000010668767	5.2215886600
0.000000011366142	5.1919973900
0.000000012160210	5.1624152200
0.000000013009753	5.1347465900
0.000000013977392	5.1073106300
0.000000015017271	5.0817493700
0.000000016202610	5.0565928900
0.000000017555294	5.0320092600
0.000000019101527	5.0081402300
0.000000020783948	4.9861653100
0.000000022710406	4.9649551800
0.000000025268741	4.9417174800
0.000000025300000	4.9414621200
0.000000027879396	4.9223276100
0.000000030981645	4.9034530200
0.000000034575020	4.8857335100
0.000000038748713	4.8691839400
0.000000043793573	4.8532936000
0.000000049915706	4.8382279200
0.000000057374949	4.8241314300
0.000000066509111	4.8111219000
0.000000077749613	4.7993226300
0.000000092048813	4.7886001600
0.000000110833270	4.7789202200
0.000000136298464	4.7702061000
0.000000172638996	4.7622627300
0.000000226178246	4.7552129300
0.000000309095550	4.7491147100
0.000000446231054	4.7440023900
0.000000700962111	4.7398144700
0.000001246917960	4.7366011500
0.133668145000000	4.3059954400
0.145000000000000	4.2838374600
0.148750000000000	4.3071484100
0.150000000000000	4.3402772800
0.151000000000000	4.3939967500
0.152000000000000	4.4761528000
0.152900000000000	4.5194771400
0.153950000000000	4.4574976200
0.155000000000000	4.3734020100
0.156000000000000	4.3212802800
0.158000000000000	4.2711582800
0.161250000000000	4.2393570700
0.172398403000000	4.1955243600
0.268036206000000	3.9378888300
0.364952992000000	3.7000650400
0.469225276000000	3.4687871700
0.565519075000000	3.2745197400
0.684523069000000	3.0564440300
0.811286600000000	2.8486406500
0.938050131000000	2.6623546400
1.067855990000000	2.4907742700
1.191577190000000	2.3433824400
1.318340730000000	2.2067478600
1.445104260000000	2.0832638600
1.597220490000000	1.9495123300
1.725000000000000	1.8501390800
1.736000000000000	1.8623867700
1.745000000000000	1.8408460200
1.755000000000000	1.8280178300
2.012500000000000	1.6647445000
2.025000000000000	1.6591495400
2.049500000000000	1.6843780100
2.053000000000000	1.7021033200
2.056000000000000	1.7279675200
2.058000000000000	1.7544053600
2.060000000000000	1.7920168200
2.061500000000000	1.8315941600
2.063000000000000	1.8839304100
2.064000000000000	1.9298325600
2.065000000000000	1.9873725700
2.066000000000000	2.0602618100
2.067000000000000	2.1535570400
2.068000000000000	2.2750356700
2.069000000000000	2.4347961200
2.070000000000000	2.6476461300
2.071000000000000	2.9333934200
2.072000000000000	3.3168488800
2.073000000000000	3.8224475800
2.074000000000000	4.4538207700
2.075000000000000	5.1528797400
2.076000000000000	5.7537858800
2.076937500000000	6.0196389300
2.077000000000000	6.0264879500
2.077187500000000	6.0109296900
2.078000000000000	5.8594765000
2.079000000000000	5.3686843000
2.080000000000000	4.7669421000
2.081000000000000	4.2025256300
2.082000000000000	3.7319256900
2.083000000000000	3.3590121900
2.084000000000000	3.0682299600
2.085000000000000	2.8417384500
2.086000000000000	2.6639795300
2.087000000000000	2.5228381000
2.088000000000000	2.4093066800
2.089000000000000	2.3172017200
2.090000000000000	2.2411802800
2.091000000000000	2.1779739700
2.092000000000000	2.1247980400
2.093500000000000	2.0600437900
2.095000000000000	2.0075279400
2.097000000000000	1.9530242700
2.099000000000000	1.9105920300
2.102000000000000	1.8625311900
2.104000000000000	1.8377045700
2.108000000000000	1.7996941900
2.112000000000000	1.7721675400
2.120000000000000	1.7347487400
2.140000000000000	1.6863376200
2.160000000000000	1.6611096100
2.180000000000000	1.6445032900
2.220000000000000	1.6219010900
2.280000000000000	1.6003978900
2.340000000000000	1.5877961600
2.400000000000000	1.5828968400
2.460000000000000	1.5865969400
2.520000000000000	1.6003972000
2.560000000000000	1.6164962600
2.600000000000000	1.6394979100
2.640000000000000	1.6709006500
2.680000000000000	1.7131993100
2.710000000000000	1.7548880100
2.740000000000000	1.8059015100
2.760000000000000	1.8478086800
2.785000000000000	1.9120189700
2.800000000000000	1.9611571400
2.806000000000000	1.9904404900
2.808000000000000	2.0073219900
2.810000000000000	2.0396343700
2.811000000000000	2.0733437500
2.812000000000000	2.1452709400
2.812812500000000	2.2940544200
2.812906250000000	2.3182291200
2.813000000000000	2.3564176400
2.813093750000000	2.4139034400
2.813250000000000	2.5364087100
2.813812500000000	3.0066014100
2.813906250000000	3.0956062800
2.813968750000000	3.1670749800
2.814031250000000	3.2527921600
2.814125000000000	3.4069968600
2.814781250000000	4.6488071800
2.814843750000000	4.7558143000
2.814906250000000	4.8404282400
2.814953130000000	4.8779350100
2.814984380000000	4.8864954300
2.815031250000000	4.8719748200
2.815078130000000	4.8258591200
2.815125000000000	4.7539824400
2.815187500000000	4.6320142200
2.815812500000000	3.2101337600
2.815906250000000	3.0133989200
2.815968750000000	2.9025907400
2.816015630000000	2.8350290900
2.816062500000000	2.7814603400
2.816125000000000	2.7282764300
2.816218750000000	2.6715223000
2.816875000000000	2.3528702300
2.817000000000000	2.3052034900
2.817125000000000	2.2757093500
2.818000000000000	2.1624492200
2.819000000000000	2.1101878300
2.820000000000000	2.0869228700
2.822000000000000	2.0700006400
2.824000000000000	2.0674317400
2.835000000000000	2.1029326300
2.845000000000000	2.1522256200
2.855000000000000	2.2102279200
2.865000000000000	2.2774355600
2.875000000000000	2.3555468000
2.885000000000000	2.4470598700
2.895000000000000	2.5548729800
2.905000000000000	2.6818803100
2.915000000000000	2.8296553300
2.932000000000000	3.1065892700
2.936000000000000	3.1631407400
2.940000000000000	3.2067493100
2.944000000000000	3.2293340400
2.948000000000000	3.2207118400
2.952000000000000	3.1701030100
2.956000000000000	3.0679539300
2.960000000000000	2.9100054700
2.964000000000000	2.7008748000
2.968000000000000	2.4555259500
2.976000000000000	1.9461021200
2.980000000000000	1.7239204200
2.984000000000000	1.5399480200
2.988000000000000	1.3966165600
2.992000000000000	1.2911520700
2.996000000000000	1.2178818000
3.000000000000000	1.1707371500
3.010000000000000	1.1297675100
3.020000000000000	1.1504071300
3.030000000000000	1.1976363800
3.060000000000000	1.3724698500
3.080000000000000	1.4824621800
3.100000000000000	1.5825658100
3.120000000000000	1.6743703900
3.150000000000000	1.8001350200
3.200000000000000	1.9903710200
3.240000000000000	2.1284701700
3.280000000000000	2.2548679400
3.320000000000000	2.3677644900
3.360000000000000	2.4643673800
3.390000000000000	2.5238830100
3.420000000000000	2.5728698800
3.450000000000000	2.6082830100
3.480000000000000	2.6323692700
3.520000000000000	2.6441641300
3.560000000000000	2.6352593000
3.600000000000000	2.6080626600
3.640000000000000	2.5653637200
3.700000000000000	2.4794663200
3.760000000000000	2.3761726000
3.940000000000000	2.0366864400
4.000000000000000	1.9320908700
4.040000000000000	1.8713940700
4.070000000000000	1.8349972700
4.090000000000000	1.8180014000
4.110000000000000	1.8098025200
4.125000000000000	1.8123780000
4.140000000000000	1.8233053000
4.160000000000000	1.8572139500
4.180000000000000	1.9175135900
4.200000000000000	2.0042993000
4.230000000000000	2.1558357400
4.240000000000000	2.1987239500
4.250000000000000	2.2318108700
4.260000000000000	2.2527075300
4.270000000000000	2.2608107000
4.280000000000000	2.2567198700
4.300000000000000	2.2194344500
4.320000000000000	2.1584544600
4.370000000000000	1.9853975300
4.400000000000000	1.8932955700
4.430000000000000	1.8144259900
4.460000000000000	1.7453916800
4.500000000000000	1.6676910300
4.540000000000000	1.6014869000
4.580000000000000	1.5437858300
4.640000000000000	1.4687832500
4.700000000000000	1.4035807900
4.850000000000000	1.2600160000
4.900000000000000	1.2230691700
4.919406250000000	1.2390363500
4.934230470000000	1.3403887300
4.934365240000000	1.3458637300
4.934466310000000	1.3572913400
4.934562500000000	1.3771637600
4.934687500000000	1.4149439100
4.935375000000000	1.6693655700
4.935500000000000	1.7093214400
4.935650000000000	1.7483031200
4.936475000000000	1.9197393300
4.936625000000000	1.9452925600
4.936787500000000	1.9602918200
4.936918750000000	1.9628886000
4.938275000000000	1.9432090200
4.938450000000000	1.9344366300
4.938625000000000	1.9121932500
4.939412500000000	1.7578716800
4.939615630000000	1.7292634500
4.943084380000000	1.4282668300
4.943353130000000	1.4135153700
4.948100000000000	1.2788838200
4.954600000000000	1.2302151200
4.958400000000000	1.2074145400
5.000000000000000	1.1211841500
5.001000000000000	1.1316905500
5.030000000000000	1.1176456800
5.053000000000000	1.1154768000
5.100000000000000	1.0918319100
5.120000000000000	1.0490262200
5.150000000000000	1.0629723800
5.180000000000000	1.0431913200
5.200000000000000	1.0207944200
5.230000000000000	1.0047736800
5.280000000000000	0.9654605680
5.300000000000000	0.9571436910
5.330000000000000	0.9332833150
5.335000000000000	0.9621974390
5.340000000000000	0.9238018850
5.340343750000000	0.9309175450
5.359765630000000	1.4526582100
5.360023440000000	1.4660050800
5.360281250000000	1.4924147700
5.361828130000000	1.6764104600
5.362000000000000	1.6919423300
5.362250000000000	1.7028368100
5.370000000000000	1.8616071900
5.371000000000000	1.8438007800
5.378000000000000	1.6302837000
5.380000000000000	1.5548934600
5.390000000000000	1.3381632900
5.400000000000000	1.2031696700
5.410000000000000	1.1339733400
5.420000000000000	1.0987051700
5.430000000000000	1.0700830400
5.440000000000000	1.0602902400
5.460000000000000	1.0165610900
5.500000000000000	0.9905832760
5.550000000000000	0.9729726300
5.553000000000000	0.9815484940
5.600000000000000	0.9588728850
5.650000000000000	0.9419562470
5.700000000000000	0.9200824950
5.800000000000000	0.9098502420
5.900000000000000	0.8853663620
6.050000000000000	0.8727220810
6.054687500000000	0.8760076610
6.125000000000000	0.8907814810
6.160000000000000	0.9141229790
6.174000000000000	0.9388146650
6.181200000000000	0.9477013570
6.200000000000000	0.9809588260
6.210000000000000	1.0237455500
6.220000000000000	1.0389795900
6.230000000000000	1.0856040100
6.250000000000000	1.2386185300
6.285000000000000	2.1050753700
6.295000000000000	2.3798000500
6.302968750000000	2.2626497200
6.310000000000000	2.0111592900
6.320000000000000	1.5975054700
6.330000000000000	1.3688496900
6.340000000000000	1.1935618100
6.350000000000000	1.1471284200
6.360000000000000	1.2227357600
6.370000000000000	1.0664662300
6.390000000000000	0.8897763960
6.400000000000000	0.8725425370
6.410000000000000	0.8474200600
6.420000000000000	0.8257490790
6.430000000000000	0.8411988070
6.440000000000000	0.8278266740
6.450000000000000	0.8336354250
6.470000000000000	0.8281186230
6.490000000000000	0.8302953960
6.510000000000000	0.8042549810
6.540000000000000	0.7056233290
6.556500000000000	0.6113186180
6.570000000000000	0.5306533020
6.580000000000000	0.5015425300
6.590000000000000	0.5050459520
6.600000000000000	0.5141607910
6.620000000000000	0.5767746490
6.640000000000000	0.5924000790
6.658000000000000	0.7358483330
6.665125000000000	0.6822944060
6.670000000000000	0.6702201270
6.680000000000000	0.6613902940
6.700000000000000	0.6555506320
6.810000000000000	0.6457467510
6.920000000000000	0.6060419370
7.000000000000000	0.5736432970
7.053000000000000	0.5726169320
7.100000000000000	0.5691644550
7.140000000000000	0.5828213480
7.180000000000000	0.6026427660
7.200000000000000	0.6398420230
7.225000000000000	0.6764068410
7.250000000000000	0.7468150640
7.270000000000000	0.8228049010
7.280000000000000	0.8842386930
7.340000000000000	1.3322105400
7.350000000000000	1.4291688900
7.360000000000000	1.4225215800
7.370000000000000	1.4635521300
7.401250000000000	1.4127985600
7.420000000000000	1.3979756100
7.470000000000000	1.3714164900
7.529000000000000	1.3780717400
7.553000000000000	1.3551641200
7.620000000000000	1.3263432700
7.649375000000000	1.3368071900
7.667000000000000	1.3907647500
7.680000000000000	1.4151508500
7.698000000000000	1.5247850900
7.700000000000000	1.5305611400
7.725000000000000	1.7987683900
7.745000000000000	1.9861031000
7.767000000000000	1.8431561200
7.789000000000000	1.6834974000
7.810000000000000	1.5809389700
7.819000000000000	1.5820831400
7.860000000000000	1.5217576400
7.886400000000000	1.4919239500
7.888000000000000	1.4751985200
7.897000000000000	1.4715320400
7.930000000000000	1.4317766400
7.936000000000000	1.4100241300
8.000000000000000	1.3509795400
8.005000000000000	1.3537655200
8.010000000000000	1.3065386000
8.014000000000000	1.3333926900
8.044000000000000	1.2976211800
8.053000000000000	1.3303486100
8.079000000000000	1.3222342600
8.080000000000000	1.3153235100
8.100015630000000	1.3183978300
8.101000000000000	1.3305239500
8.105000000000000	1.3181898200
8.109000000000000	1.3001881700
8.120000000000000	1.2818486000
8.131000000000000	1.2481074300
8.138000000000000	1.2329258500
8.160000000000000	1.1559558700
8.166000000000000	1.1161746400
8.200000000000000	0.9731725940
8.210000000000000	0.9491371610
8.240000000000000	0.9209655260
8.295800000000000	0.8600134670
8.296200000000000	0.8573435190
8.320000000000000	0.8509106300
8.330000000000000	0.8374755060
8.400000000000000	0.7975663430
8.426000000000000	0.8001168430
8.448000000000000	0.7852049470
8.450000000000000	0.7721166140
8.480000000000000	0.7761573200
8.499500000000000	0.7559656930
8.500000000000000	0.7503591580
8.520000000000000	0.7570917750
8.553000000000000	0.7394810260
8.611000000000000	0.7563143570
8.700000000000000	0.7450643580
8.708000000000000	0.7372370940
8.750000000000000	0.7182117330
8.768000000000000	0.7160722990
8.800000000000000	0.7068263260
8.833000000000000	0.6889843680
8.850000000000000	0.6772408840
8.885000000000000	0.6682693150
8.920000000000000	0.6382925030
9.000000000000000	0.6309034580
9.005000000000000	0.6441616750
9.020000000000000	0.6425905830
9.030937500000000	0.6506500820
9.045000000000000	0.6538151120
9.053000000000000	0.6690796970
9.067000000000000	0.6684988120
9.080000000000000	0.6855971930
9.149000000000000	0.7233642550
9.163000000000000	0.7367076300
9.206500000000000	0.7326759780
9.250000000000000	0.7248364480
9.254000000000000	0.7331712410
9.300000000000000	0.7169611220
9.360000000000000	0.6995841480
9.400000000000000	0.6814094570
9.450000000000000	0.6715126490
9.500000000000000	0.6693167980
9.522000000000000	0.6697170330
9.553000000000000	0.6645613840
9.558875000000000	0.6684212450
9.600000000000000	0.6715029710
9.630000000000000	0.6802008110
9.640000000000000	0.6874309530
9.692000000000000	0.6830304960
9.700000000000000	0.6853828870
9.726000000000000	0.6703890060
9.740000000000000	0.6761767320
9.750000000000000	0.6696660910
9.800000000000000	0.6845000220
9.821000000000000	0.6837942420
9.830000000000000	0.6862677390
9.900000000000000	0.6718282820
9.917000000000000	0.6740597570
9.921000000000000	0.6676665290
10.000000000000000	0.6567602150
10.050000000000000	0.6432527960
10.053000000000000	0.6370671870
10.170000000000000	0.6420520220
10.300000000000000	0.6286532690
10.375000000000000	0.6359614230
10.400000000000000	0.6433319930
10.478000000000000	0.6781421630
10.500000000000000	0.6908614560
10.506000000000000	0.6909321440
10.536000000000000	0.7016898590
10.550000000000000	0.6985936510
10.553000000000000	0.7082134140
10.620000000000000	0.7254927540
10.690000000000000	0.7508681910
10.700000000000000	0.7526477630
10.750000000000000	0.7861638040
10.800000000000000	0.8128574010
10.900000000000000	0.8733782930
10.940000000000000	0.8873818530
11.000000000000000	0.8620480170
11.004000000000000	0.8563781240
11.053000000000000	0.8668952540
11.096000000000000	0.8637075740
11.100625000000000	0.8687447700
11.170000000000000	0.8868369310
11.235000000000000	0.8776998240
11.300000000000000	0.8730579430
11.400000000000000	0.8727875070
11.500000000000000	0.8644214130
11.553000000000000	0.8514706930
11.708000000000000	0.8384968290
11.750000000000000	0.8530052280
11.751000000000000	0.8490542350
11.799125000000000	0.8576234910
11.900000000000000	0.9047342950
11.909000000000000	0.9010120890
11.917000000000000	0.9124800900
12.000000000000000	0.8994822430
12.050000000000000	0.9100051760
12.053000000000000	0.9132657690
12.088000000000000	0.9103515940
12.100000000000000	0.9109463840
12.193000000000000	0.8731096010
12.300000000000000	0.8484916500
12.400000000000000	0.8392494680
12.700000000000000	0.8872408110
12.738000000000000	0.8895251750
12.792000000000000	0.9067009110
12.900000000000000	0.9194819270
12.990000000000000	0.9436102890
13.055000000000000	0.9367983040
13.120000000000000	0.9356060720
13.250000000000000	0.9248520420
13.280000000000000	0.9145544180
13.300000000000000	0.9155951290
13.500000000000000	0.9053042010
13.540000000000000	0.9100795500
13.553000000000000	0.9094405710
13.570000000000000	0.9094448000
13.587000000000000	0.9094311700
13.646000000000000	0.8956022100
13.767000000000000	0.8808502880
13.822000000000000	0.8600570740
13.965000000000000	0.8412966960
14.000000000000000	0.8192871550
14.068250000000000	0.8257119370
14.250000000000000	0.8372489570
14.419000000000000	0.8244026610
14.486000000000000	0.8406441640
14.566000000000000	0.8546214080
14.694000000000000	0.8945180000
14.750000000000000	0.8989133750
14.767000000000000	0.8973674430
14.888000000000000	0.9135145420
14.892000000000000	0.9189711370
14.909000000000000	0.9218861810
14.962000000000000	0.9188215840
14.996000000000000	0.9228740790
15.000000000000000	0.9177124450
15.093000000000000	0.9415753540
15.255500000000000	0.9588985500
15.448000000000000	0.9853850370
15.966000000000000	1.0256225600
15.970000000000000	1.0311389000
15.990000000000000	1.0285330300
16.000000000000000	1.0337083400
16.064000000000000	1.0169859900
16.256000000000000	0.9836675490
16.347000000000000	0.9550988610
16.532000000000000	0.9469094050
16.695000000000000	0.9195145090
16.974000000000000	0.8965893300
17.074000000000000	0.8992119170
17.130500000000000	0.8886564580
17.300000000000000	0.8723950380
17.301000000000000	0.8836586440
17.467000000000000	0.8733421270
17.616000000000000	0.8873040140
17.687000000000000	0.8896562190
17.900000000000000	0.9062454230
17.901000000000000	0.9084010980
18.000000000000000	0.9175448710
18.053000000000000	0.9294661570
18.087000000000000	0.9234408290
18.158000000000000	0.9357719240
18.460000000000000	0.9228269540
18.520000000000000	0.9337628680
18.700000000000000	0.9528373640
18.833000000000000	0.9569678600
19.053000000000000	0.9731374560
19.185000000000000	0.9777356760
19.553000000000000	0.9818429670
19.600000000000000	0.9795423640
19.892000000000000	0.9915110240
19.998734400000000	0.9808431070
19.999367300000000	0.9813183630
19.999683700000000	0.9856146810
20.000328000000000	1.0111650300
20.000645900000000	1.0154456800
20.001281700000000	1.0159395100
20.271299800000000	1.0031507800
21.000000000000000	0.9370087090
22.000000000000000	0.9170030840
23.000000000000000	0.9220012610
24.000000000000000	0.9369967440
24.361502600000000	0.9322865410
25.000000000000000	0.9180022030
27.058670000000000	0.9031734590
31.437355800000000	0.8421155490
36.000000000000000	0.7852689180
41.578438300000000	0.7065333520
45.634871300000000	0.6544809220
49.691304300000000	0.6068096420
53.000000000000000	0.5704821150
57.000000000000000	0.5310489890
61.000000000000000	0.4954321860
65.000000000000000	0.4634472730
69.000000000000000	0.4347254540
74.000000000000000	0.4023548360
78.000000000000000	0.3788562430
91.000000000000000	0.3118310750
99.000000000000000	0.2672968860
106.000000000000000	0.2312363040
108.000000000000000	0.2221359320
110.000000000000000	0.2140001750
112.000000000000000	0.2071319640
118.000000000000000	0.1901328200
124.000000000000000	0.1715914770
128.000000000000000	0.1602782750
132.000000000000000	0.1499682710
136.000000000000000	0.1405924600
140.000000000000000	0.1320000460
144.000000000000000	0.1240005420
150.000000000000000	0.1130005680
