0.000000000010000	1170.2751700000
0.000000000010300	1153.1164100000
0.000000000010609	1136.2146400000
0.000000000010927	1119.5530000000
0.000000000011254	1103.1459600000
0.000000000011592	1086.9702500000
0.000000000011940	1071.0402600000
0.000000000012298	1055.3355900000
0.000000000012666	1039.8695100000
0.000000000013046	1024.6202000000
0.000000000013437	1009.6065000000
0.000000000013840	994.8018660000
0.000000000014255	980.2248190000
0.000000000014683	965.8530690000
0.000000000015123	951.6988110000
0.000000000015577	937.7434870000
0.000000000016043	924.0035760000
0.000000000016525	910.4556380000
0.000000000017020	897.1149390000
0.000000000017530	883.9627130000
0.000000000018056	871.0094280000
0.000000000018598	858.2395180000
0.000000000019155	845.6642540000
0.000000000019730	833.2667360000
0.000000000020321	821.0572930000
0.000000000020931	809.0194450000
0.000000000021558	797.1670640000
0.000000000022205	785.4803860000
0.000000000022870	773.9727120000
0.000000000023556	762.6260970000
0.000000000024262	751.4539910000
0.000000000024990	740.4386300000
0.000000000025739	729.5912420000
0.000000000026511	718.8970940000
0.000000000027306	708.3653810000
0.000000000028125	697.9829320000
0.000000000028968	687.7578780000
0.000000000029837	677.6772000000
0.000000000030731	667.7507460000
0.000000000031653	657.9642470000
0.000000000032602	648.3265190000
0.000000000033580	638.8250800000
0.000000000034586	629.4682400000
0.000000000035624	620.2433790000
0.000000000036691	611.1594480000
0.000000000037792	602.2032810000
0.000000000038925	593.3841600000
0.000000000040092	584.6888050000
0.000000000041294	576.1268590000
0.000000000042533	567.6849080000
0.000000000043808	559.3724820000
0.000000000045122	551.1768450000
0.000000000046474	543.1064010000
0.000000000047868	535.1498100000
0.000000000049303	527.3144180000
0.000000000050851	519.2351030000
0.000000000052377	511.6291520000
0.000000000053947	504.1389460000
0.000000000055565	496.7544240000
0.000000000057230	489.4828700000
0.000000000058947	482.3136280000
0.000000000060714	475.2540820000
0.000000000062535	468.2937610000
0.000000000064410	461.4401610000
0.000000000066341	454.6830600000
0.000000000068330	448.0290480000
0.000000000070380	441.4689060000
0.000000000072489	435.0090360000
0.000000000074664	428.6401460000
0.000000000076902	422.3687590000
0.000000000079208	416.1857410000
0.000000000081583	410.0971840000
0.000000000084030	404.0944690000
0.000000000086549	398.1835960000
0.000000000089145	392.3561200000
0.000000000091817	386.6175970000
0.000000000094571	380.9601310000
0.000000000097406	375.3890910000
0.000000000100327	369.8970490000
0.000000000103335	364.4882740000
0.000000000106434	359.1562920000
0.000000000109625	353.9056320000
0.000000000112913	348.7286670000
0.000000000116297	343.6319260000
0.000000000119786	338.6060590000
0.000000000123376	333.6581880000
0.000000000127077	328.7794970000
0.000000000130886	323.9757110000
0.000000000134812	319.2396530000
0.000000000138853	314.5760430000
0.000000000143018	309.9782790000
0.000000000147305	305.4509780000
0.000000000151723	300.9879920000
0.000000000156271	296.5925510000
0.000000000160959	292.2593740000
0.000000000165784	287.9930280000
0.000000000170756	283.7869340000
0.000000000175875	279.6449030000
0.000000000181150	275.5616720000
0.000000000186580	271.5408870000
0.000000000192177	267.5767460000
0.000000000197937	263.6739060000
0.000000000203874	259.8261990000
0.000000000209986	256.0370930000
0.000000000216284	252.3018220000
0.000000000222767	248.6237800000
0.000000000229449	244.9979110000
0.000000000236327	241.4274970000
0.000000000243416	237.9075400000
0.000000000250712	234.4419590000
0.000000000258232	231.0253900000
0.000000000265973	227.6610700000
0.000000000273951	224.3444050000
0.000000000282163	221.0789100000
0.000000000290626	217.8595770000
0.000000000299338	214.6897310000
0.000000000308316	211.5649100000
0.000000000317558	208.4879570000
0.000000000327083	205.4548400000
0.000000000336888	202.4681730000
0.000000000346993	199.5239210000
0.000000000357394	196.6251220000
0.000000000368114	193.7674240000
0.000000000379149	190.9537050000
0.000000000390521	188.1799670000
0.000000000402227	185.4489690000
0.000000000414292	182.7567490000
0.000000000426711	180.1061080000
0.000000000439510	177.4930470000
0.000000000452684	174.9204570000
0.000000000466262	172.3844620000
0.000000000480239	169.8874890000
0.000000000494643	167.4262260000
0.000000000509471	165.0028080000
0.000000000524752	162.6140550000
0.000000000540482	160.2621500000
0.000000000556694	157.9437870000
0.000000000573381	155.6613740000
0.000000000590579	153.4115520000
0.000000000608283	151.1964640000
0.000000000626528	149.0130390000
0.000000000645308	146.8635200000
0.000000000664664	144.7447230000
0.000000000684588	142.6587570000
0.000000000705122	140.6026660000
0.000000000726259	138.5785040000
0.000000000748042	136.5833840000
0.000000000770466	134.6191960000
0.000000000793575	132.6832610000
0.000000000817364	130.7773750000
0.000000000841880	128.8989020000
0.000000000867116	127.0496850000
0.000000000893125	125.2270570000
0.000000000919897	123.4328680000
0.000000000947489	121.6645110000
0.000000000975891	119.9237660000
0.000000001005162	118.2081380000
0.000000001035293	116.5193100000
0.000000001066346	114.8548880000
0.000000001098311	113.2165270000
0.000000001131254	111.6018670000
0.000000001165164	110.0125280000
0.000000001200113	108.4462160000
0.000000001236087	106.9045120000
0.000000001273163	105.3851960000
0.000000001311328	103.8897630000
0.000000001350660	102.4160940000
0.000000001391147	100.9656430000
0.000000001432874	99.5363403000
0.000000001475826	98.1295934000
0.000000001520092	96.7434164000
0.000000001565659	95.3791337000
0.000000001612620	94.0348371000
0.000000001660960	92.7118559000
0.000000001710779	91.4082941000
0.000000001762062	90.1254245000
0.000000001814914	88.8614286000
0.000000001869318	87.6175741000
0.000000001925387	86.3920521000
0.000000001983102	85.1861069000
0.000000002042584	83.9979932000
0.000000002103813	82.8288912000
0.000000002166915	81.6771380000
0.000000002231871	80.5438594000
0.000000002298814	79.4274550000
0.000000002367724	78.3290058000
0.000000002438742	77.2469642000
0.000000002511846	76.1823851000
0.000000002587187	75.1337606000
0.000000002664741	74.1021106000
0.000000002744668	73.0859780000
0.000000002826943	72.0863522000
0.000000002911735	71.1018148000
0.000000002999017	70.1333350000
0.000000003088971	69.1795286000
0.000000003181566	68.2413375000
0.000000003276995	67.3174233000
0.000000003375227	66.4086900000
0.000000003476464	65.5138509000
0.000000003580675	64.6337731000
0.000000003688075	63.7672140000
0.000000003798629	62.9150159000
0.000000003912567	62.0759669000
0.000000004046931	61.1338314000
0.000000004185909	60.2090208000
0.000000004329659	59.3012690000
0.000000004478347	58.4102990000
0.000000004632140	57.5358668000
0.000000004791216	56.6777022000
0.000000004955754	55.8355678000
0.000000005125942	55.0092144000
0.000000005301975	54.1983954000
0.000000005484053	53.4028758000
0.000000005672385	52.6224160000
0.000000005867183	51.8567970000
0.000000006068672	51.1057810000
0.000000006277080	50.3691525000
0.000000006492645	49.6466911000
0.000000006715612	48.9381843000
0.000000006946237	48.2434149000
0.000000007184782	47.5621779000
0.000000007431519	46.8942686000
0.000000007686729	46.2394867000
0.000000007950704	45.5976314000
0.000000008223744	44.9685103000
0.000000008506160	44.3519324000
0.000000008798275	43.7477065000
0.000000009100422	43.1556471000
0.000000009412945	42.5755723000
0.000000009736201	42.0073009000
0.000000010070558	41.4506563000
0.000000010416397	40.9054644000
0.000000010774112	40.3715532000
0.000000011144113	39.8487501000
0.000000011526819	39.3368919000
0.000000011922669	38.8358102000
0.000000012332112	38.3453455000
0.000000012755617	37.8653349000
0.000000013193665	37.3956224000
0.000000013646757	36.9360503000
0.000000014115408	36.4864661000
0.000000014600154	36.0467161000
0.000000015101546	35.6166517000
0.000000015620158	35.1961224000
0.000000016156579	34.7849836000
0.000000016711422	34.3830890000
0.000000017285318	33.9902965000
0.000000017878924	33.6064625000
0.000000018492915	33.2314478000
0.000000019208723	32.8200204000
0.000000019952593	32.4191926000
0.000000020724901	32.0291466000
0.000000021527487	31.6493247000
0.000000022360754	31.2798938000
0.000000023226689	30.9203187000
0.000000024125728	30.5707503000
0.000000025232891	30.1701596000
0.000000025300000	30.1468625000
0.000000026279759	29.8186137000
0.000000027296974	29.4997618000
0.000000028354067	29.1898276000
0.000000029451572	28.8889227000
0.000000030592104	28.5965871000
0.000000031776237	28.3129187000
0.000000033006792	28.0374758000
0.000000034284391	27.7703423000
0.000000035762382	27.4828424000
0.000000037304088	27.2049940000
0.000000038912256	26.9365624000
0.000000040589752	26.6773143000
0.000000042339565	26.4270180000
0.000000044164811	26.1854435000
0.000000046068744	25.9523621000
0.000000048054754	25.7275468000
0.000000050338841	25.4894838000
0.000000052730554	25.2609424000
0.000000055236886	25.0414524000
0.000000057861316	24.8308907000
0.000000060611519	24.6288070000
0.000000063491310	24.4350712000
0.000000066509111	24.2492530000
0.000000069964403	24.0553686000
0.000000073599204	23.8703082000
0.000000077422841	23.6937231000
0.000000081445125	23.5252714000
0.000000086037981	23.3516000000
0.000000090891457	23.1866109000
0.000000096017011	23.0300071000
0.000000101433412	22.8812940000
0.000000107607619	22.7296116000
0.000000114157646	22.5862376000
0.000000121617514	22.4413606000
0.000000129567170	22.3049543000
0.000000138034005	22.1765986000
0.000000147677412	22.0479661000
0.000000157994531	21.9273688000
0.000000169748875	21.8074500000
0.000000182374460	21.6954717000
0.000000196769598	21.5849122000
0.000000213200808	21.4764979000
0.000000230999989	21.3759857000
0.000000251345976	21.2780162000
0.000000274643157	21.1830968000
0.000000301366350	21.0916683000
0.000000332085464	21.0040669000
0.000000367486881	20.9205342000
0.000000408385846	20.8412537000
0.000000455752074	20.7663515000
0.000000512923531	20.6934002000
0.000000579703235	20.6254044000
0.000000660742982	20.5603770000
0.000000756290290	20.5009342000
0.000000872992451	20.4460076000
0.000001011955890	20.3982667000
0.000001195828760	20.3544994000
0.000001473483550	20.3119238000
0.000001973291450	20.2669555000
0.000002995434070	20.2218190000
0.000006262429790	20.1761613000
0.008805033460000	19.3285506000
0.017975583100000	18.3086005000
0.040564330000000	16.2552349000
0.060846495000000	14.8181182000
0.081128660000000	13.6514514000
0.099946257700000	12.7449881000
0.150000000000000	10.9237767000
0.200000000000000	9.6435294000
0.300000000000000	7.9522541500
0.400000000000000	6.8765977000
0.499731288000000	6.1274685300
0.600000000000000	5.5669656300
0.700000000000000	5.1320738500
0.800000000000000	4.7816187700
0.900000000000000	4.4915093400
1.000000000000000	4.2461470000
1.200000000000000	3.8504971000
1.400000000000000	3.5417792000
1.600000000000000	3.2913376300
1.800000000000000	3.0822055600
2.028216500000000	2.8817627700
2.231038150000000	2.7273400200
2.433859800000000	2.5913107200
2.636681450000000	2.4701210200
2.839503100000000	2.3611394700
3.042324750000000	2.2623631000
3.290292800000000	2.1534871500
3.545257640000000	2.0522716800
3.853611350000000	1.9426462500
4.200000000000000	1.8327906600
4.462076300000000	1.7588954600
4.867719600000000	1.6540295600
5.500000000000000	1.5135586800
6.000000000000000	1.4181618600
6.500000000000000	1.3337132000
7.000000000000000	1.2583706700
7.605811880000000	1.1777598000
8.112866000000000	1.1170331600
8.619920130000000	1.0619072000
9.126974250000000	1.0116367900
10.141082500000000	0.9233001560
11.155190800000000	0.8481998090
11.824489800000000	0.8045303010
12.676353100000000	0.7545542010
13.500000000000000	0.7111858480
15.000000000000000	0.6431602930
16.000000000000000	0.6040276770
17.000000000000000	0.5689704970
18.000000000000000	0.5373851450
19.000000000000000	0.5087793160
20.000000000000000	0.4827567640
