0.000000000010000	0.0015592770
0.000000000010300	0.0015364080
0.000000000010609	0.0015138830
0.000000000010927	0.0014916770
0.000000000011254	0.0014698100
0.000000000011592	0.0014482510
0.000000000011940	0.0014270200
0.000000000012298	0.0014060900
0.000000000012666	0.0013854770
0.000000000013046	0.0013651520
0.000000000013437	0.0013451420
0.000000000013840	0.0013254110
0.000000000014255	0.0013059820
0.000000000014683	0.0012868270
0.000000000015123	0.0012679620
0.000000000015577	0.0012493620
0.000000000016043	0.0012310490
0.000000000016525	0.0012129910
0.000000000017020	0.0011952100
0.000000000017530	0.0011776800
0.000000000018056	0.0011604150
0.000000000018598	0.0011433940
0.000000000019155	0.0011266320
0.000000000019730	0.0011101080
0.000000000020321	0.0010938340
0.000000000020931	0.0010777880
0.000000000021558	0.0010619900
0.000000000022205	0.0010464120
0.000000000022870	0.0010310730
0.000000000023556	0.0010159480
0.000000000024262	0.0010010560
0.000000000024990	0.0009863720
0.000000000025739	0.0009719130
0.000000000026511	0.0009576570
0.000000000027306	0.0009436180
0.000000000028125	0.0009297780
0.000000000028968	0.0009161470
0.000000000029837	0.0009027090
0.000000000030731	0.0008894760
0.000000000031653	0.0008764300
0.000000000032602	0.0008635810
0.000000000033580	0.0008509150
0.000000000034586	0.0008384410
0.000000000035624	0.0008261420
0.000000000036691	0.0008140320
0.000000000037792	0.0008020910
0.000000000038925	0.0007903330
0.000000000040092	0.0007787400
0.000000000041294	0.0007673250
0.000000000042533	0.0007560690
0.000000000043808	0.0007449860
0.000000000045122	0.0007340590
0.000000000046474	0.0007232980
0.000000000047868	0.0007126890
0.000000000049303	0.0007022410
0.000000000050782	0.0006919410
0.000000000052304	0.0006817970
0.000000000053873	0.0006717970
0.000000000055488	0.0006619490
0.000000000057152	0.0006522390
0.000000000058865	0.0006426780
0.000000000060631	0.0006332510
0.000000000062448	0.0006239680
0.000000000064322	0.0006148160
0.000000000066250	0.0006058030
0.000000000068237	0.0005969170
0.000000000070282	0.0005881670
0.000000000072390	0.0005795390
0.000000000074560	0.0005710440
0.000000000076797	0.0005626680
0.000000000079099	0.0005544190
0.000000000081471	0.0005462870
0.000000000083913	0.0005382790
0.000000000086430	0.0005303830
0.000000000089021	0.0005226080
0.000000000091691	0.0005149430
0.000000000094440	0.0005073940
0.000000000097273	0.0004999520
0.000000000100188	0.0004926230
0.000000000103193	0.0004853980
0.000000000106287	0.0004782810
0.000000000109475	0.0004712660
0.000000000112756	0.0004643580
0.000000000116139	0.0004575450
0.000000000119620	0.0004508390
0.000000000123208	0.0004442260
0.000000000126901	0.0004377140
0.000000000130707	0.0004312940
0.000000000134626	0.0004249710
0.000000000138664	0.0004187370
0.000000000142820	0.0004125990
0.000000000147104	0.0004065470
0.000000000151513	0.0004005880
0.000000000156058	0.0003947120
0.000000000160736	0.0003889260
0.000000000165557	0.0003832210
0.000000000170520	0.0003776030
0.000000000175635	0.0003720640
0.000000000180899	0.0003666100
0.000000000186325	0.0003612330
0.000000000191911	0.0003559370
0.000000000197667	0.0003507160
0.000000000203592	0.0003455750
0.000000000209699	0.0003405060
0.000000000215985	0.0003355150
0.000000000222463	0.0003305930
0.000000000229132	0.0003257470
0.000000000236004	0.0003209690
0.000000000243079	0.0003162640
0.000000000250370	0.0003116250
0.000000000257875	0.0003070570
0.000000000265610	0.0003025530
0.000000000273572	0.0002981180
0.000000000281777	0.0002937450
0.000000000290224	0.0002894390
0.000000000298929	0.0002851930
0.000000000307890	0.0002810120
0.000000000317125	0.0002768900
0.000000000326631	0.0002728320
0.000000000336428	0.0002688300
0.000000000346513	0.0002648890
0.000000000356906	0.0002610030
0.000000000367605	0.0002571770
0.000000000378631	0.0002534050
0.000000000389981	0.0002496900
0.000000000401678	0.0002460280
0.000000000413719	0.0002424210
0.000000000426128	0.0002388650
0.000000000438901	0.0002353640
0.000000000452066	0.0002319110
0.000000000465617	0.0002285120
0.000000000479583	0.0002251600
0.000000000493959	0.0002218590
0.000000000508775	0.0002186050
0.000000000524026	0.0002154000
0.000000000539744	0.0002122410
0.000000000555923	0.0002091300
0.000000000572598	0.0002060620
0.000000000589762	0.0002030410
0.000000000607452	0.0002000630
0.000000000625661	0.0001971300
0.000000000644427	0.0001942390
0.000000000663744	0.0001913920
0.000000000683653	0.0001885840
0.000000000704146	0.0001858200
0.000000000725267	0.0001830940
0.000000000747007	0.0001804100
0.000000000769413	0.0001777640
0.000000000792477	0.0001751580
0.000000000816247	0.0001725890
0.000000000840715	0.0001700590
0.000000000865932	0.0001675640
0.000000000891889	0.0001651080
0.000000000918641	0.0001626860
0.000000000946178	0.0001603010
0.000000000974558	0.0001579500
0.000000001003771	0.0001556340
0.000000001033879	0.0001533520
0.000000001064871	0.0001511040
0.000000001096811	0.0001488870
0.000000001129689	0.0001467050
0.000000001163573	0.0001445530
0.000000001198452	0.0001424340
0.000000001234399	0.0001403440
0.000000001271402	0.0001382870
0.000000001309537	0.0001362590
0.000000001348791	0.0001342610
0.000000001389247	0.0001322920
0.000000001430892	0.0001303530
0.000000001473810	0.0001284410
0.000000001517989	0.0001265580
0.000000001563521	0.0001247010
0.000000001610389	0.0001228730
0.000000001658691	0.0001210710
0.000000001708412	0.0001192960
0.000000001759655	0.0001175460
0.000000001812403	0.0001158230
0.000000001866765	0.0001141240
0.000000001922723	0.0001124510
0.000000001980394	0.0001108020
0.000000002039758	0.0001091780
0.000000002100939	0.0001075760
0.000000002163917	0.0001059990
0.000000002228823	0.0001044440
0.000000002295634	0.0001029130
0.000000002364490	0.0001014040
0.000000002435368	0.0000999173
0.000000002508415	0.0000984518
0.000000002583608	0.0000970085
0.000000002661102	0.0000955856
0.000000002740871	0.0000941844
0.000000002823082	0.0000928029
0.000000002907706	0.0000914425
0.000000002994921	0.0000901012
0.000000003084697	0.0000887804
0.000000003177221	0.0000874781
0.000000003272461	0.0000861958
0.000000003370617	0.0000849314
0.000000003471655	0.0000836864
0.000000003575785	0.0000824589
0.000000003682973	0.0000812501
0.000000003793441	0.0000800583
0.000000003907154	0.0000788847
0.000000004024346	0.0000777276
0.000000004144980	0.0000765882
0.000000004269306	0.0000754648
0.000000004397283	0.0000743586
0.000000004529177	0.0000732679
0.000000004664944	0.0000721938
0.000000004804866	0.0000711349
0.000000004948897	0.0000700921
0.000000005097336	0.0000690640
0.000000005250134	0.0000680515
0.000000005407609	0.0000670534
0.000000005569708	0.0000660704
0.000000005736768	0.0000651013
0.000000005908733	0.0000641469
0.000000006085962	0.0000632060
0.000000006268395	0.0000622795
0.000000006456412	0.0000613660
0.000000006649949	0.0000604664
0.000000006849411	0.0000595795
0.000000007054729	0.0000587061
0.000000007266331	0.0000578450
0.000000007484147	0.0000569970
0.000000007708630	0.0000561610
0.000000007939704	0.0000553377
0.000000008177850	0.0000545260
0.000000008422990	0.0000537267
0.000000008675632	0.0000529386
0.000000008935694	0.0000521626
0.000000009203714	0.0000513975
0.000000009479605	0.0000506440
0.000000009763940	0.0000499012
0.000000010056625	0.0000491696
0.000000010358267	0.0000484484
0.000000010668767	0.0000477382
0.000000010988770	0.0000470380
0.000000011318170	0.0000463484
0.000000011657652	0.0000456686
0.000000012007102	0.0000449991
0.000000012367248	0.0000443391
0.000000012737969	0.0000436891
0.000000013120036	0.0000430483
0.000000013513323	0.0000424172
0.000000013918647	0.0000417950
0.000000014335873	0.0000411823
0.000000014765869	0.0000405783
0.000000015208491	0.0000399834
0.000000015664661	0.0000393970
0.000000016134225	0.0000388194
0.000000016618162	0.0000382500
0.000000017116308	0.0000376893
0.000000017629702	0.0000371365
0.000000018158171	0.0000365921
0.000000018702814	0.0000360553
0.000000019263450	0.0000355268
0.000000019841246	0.0000350057
0.000000020436008	0.0000344925
0.000000021048973	0.0000339866
0.000000021679938	0.0000334884
0.000000022330215	0.0000329972
0.000000022999587	0.0000325135
0.000000023689445	0.0000320365
0.000000024399561	0.0000315669
0.000000025268741	0.0000310193
0.000000025300000	0.0000310001
0.000000026058858	0.0000305454
0.000000026840000	0.0000300976
0.000000027645049	0.0000296561
0.000000028473738	0.0000292214
0.000000029327791	0.0000287928
0.000000030206922	0.0000283707
0.000000031112960	0.0000279546
0.000000032045604	0.0000275448
0.000000033006792	0.0000271407
0.000000033996206	0.0000267429
0.000000035015901	0.0000263506
0.000000036065539	0.0000259643
0.000000037147303	0.0000255835
0.000000038260833	0.0000252084
0.000000039408443	0.0000248387
0.000000040589752	0.0000244746
0.000000041807217	0.0000241156
0.000000043060432	0.0000237621
0.000000044352004	0.0000234135
0.000000045681502	0.0000230703
0.000000047051690	0.0000227319
0.000000048462114	0.0000223987
0.000000049915706	0.0000220701
0.000000051411981	0.0000217466
0.000000052954052	0.0000214276
0.000000054541406	0.0000211135
0.000000056177342	0.0000208038
0.000000057861316	0.0000204988
0.000000059596832	0.0000201982
0.000000061383309	0.0000199021
0.000000063224464	0.0000196101
0.000000065119683	0.0000193227
0.000000067072909	0.0000190392
0.000000069083489	0.0000187601
0.000000071155607	0.0000184850
0.000000073288570	0.0000182140
0.000000075486817	0.0000179468
0.000000077749613	0.0000176837
0.000000080081665	0.0000174244
0.000000082482197	0.0000171689
0.000000084956200	0.0000169171
0.000000087502851	0.0000166691
0.000000090127446	0.0000164246
0.000000092829111	0.0000161838
0.000000095613464	0.0000159464
0.000000098479577	0.0000157127
0.000000101433412	0.0000154822
0.000000104473985	0.0000152552
0.000000107607619	0.0000150315
0.000000110833270	0.0000148111
0.000000114157646	0.0000145939
0.000000117579641	0.0000143799
0.000000121106371	0.0000141690
0.000000124736661	0.0000139613
0.000000128478062	0.0000137565
0.000000132329326	0.0000135549
0.000000136298464	0.0000133560
0.000000140384153	0.0000131602
0.000000144594890	0.0000129672
0.000000148929273	0.0000127771
0.000000153396316	0.0000125897
0.000000157994531	0.0000124052
0.000000162733481	0.0000122232
0.000000167611588	0.0000120440
0.000000172638996	0.0000118673
0.000000177814030	0.0000116934
0.000000183147454	0.0000115219
0.000000188637490	0.0000113530
0.000000194295557	0.0000111864
0.000000200119770	0.0000110225
0.000000206122241	0.0000108608
0.000000212300971	0.0000107016
0.000000218668809	0.0000105446
0.000000225223636	0.0000103900
0.000000231979082	0.0000102376
0.000000238932897	0.0000100876
0.000000246099545	0.0000099396
0.000000253476636	0.0000097939
0.000000261079514	0.0000096503
0.000000268905645	0.0000095088
0.000000276971307	0.0000093694
0.000000285273811	0.0000092320
0.000000293830426	0.0000090966
0.000000302638301	0.0000089633
0.000000311715753	0.0000088318
0.000000321059758	0.0000087024
0.000000330689751	0.0000085748
0.000000340602522	0.0000084491
0.000000350818688	0.0000083252
0.000000361334845	0.0000082031
0.000000372172865	0.0000080828
0.000000383329135	0.0000079644
0.000000394826860	0.0000078476
0.000000406662208	0.0000077325
0.000000418859794	0.0000076191
0.000000431415555	0.0000075075
0.000000444355602	0.0000073973
0.000000457675626	0.0000072889
0.000000471403329	0.0000071820
0.000000485534136	0.0000070767
0.000000500097438	0.0000069729
0.000000515088382	0.0000068707
0.000000530538145	0.0000067699
0.000000546441581	0.0000066707
0.000000562831765	0.0000065729
0.000000579703235	0.0000064765
0.000000597091082	0.0000063815
0.000000614989512	0.0000062880
0.000000633435749	0.0000061957
0.000000652423648	0.0000061049
0.000000671992699	0.0000060154
0.000000692136383	0.0000059272
0.000000712896594	0.0000058402
0.000000734266415	0.0000057546
0.000000756290290	0.0000056702
0.000000778960882	0.0000055871
0.000000802325342	0.0000055052
0.000000826375882	0.0000054245
0.000000851162526	0.0000053449
0.000000876677012	0.0000052665
0.000000902972407	0.0000051893
0.000000930039949	0.0000051132
0.000000957935933	0.0000050382
0.000000986651065	0.0000049644
0.000001011955890	0.0000049019
0.000001040509740	0.0000048342
0.000001069869290	0.0000047674
0.000001100057250	0.0000047015
0.000001131097020	0.0000046366
0.000001163012620	0.0000045725
0.000001195828760	0.0000045094
0.000001229570870	0.0000044471
0.000001264265050	0.0000043856
0.000001299938190	0.0000043250
0.000001336617890	0.0000042653
0.000001374332570	0.0000042064
0.000001413111430	0.0000041483
0.000001452984480	0.0000040910
0.000001515060100	0.0000040063
0.000001579482010	0.0000039238
0.000001646961960	0.0000038426
0.000001716992470	0.0000037634
0.000001790347250	0.0000036855
0.000001866474650	0.0000036096
0.000001946215740	0.0000035349
0.000002028970830	0.0000034620
0.000002115654210	0.0000033904
0.000002205613990	0.0000033205
0.000002299844080	0.0000032518
0.000002397635800	0.0000031848
0.000002500069600	0.0000031189
0.000002606375120	0.0000030547
0.000002717726860	0.0000029914
0.000002833287380	0.0000029298
0.000002995434070	0.0000028494
0.000003166860280	0.0000027713
0.000003348097070	0.0000026953
0.000003539705890	0.0000026214
0.000003742280320	0.0000025494
0.000003956447920	0.0000024795
0.000004182872160	0.0000024115
0.000004422254460	0.0000023453
0.000004741297230	0.0000022651
0.000005082373440	0.0000021877
0.000005449040380	0.0000021128
0.000005841029730	0.0000020408
0.000006262429790	0.0000019711
0.000006807639920	0.0000018906
0.000007400316310	0.0000018132
0.000008044591380	0.0000017391
0.000008744957350	0.0000016682
0.000009638548900	0.0000015891
0.000010625507400	0.0000015134
0.000011711260400	0.0000014414
0.000012910458300	0.0000013729
0.000014229695900	0.0000013077
0.000015686774000	0.0000012458
0.000017052472100	0.0000011945
0.000019060119600	0.0000011301
0.000021304134600	0.0000010688
0.000023481068600	0.0000010181
0.000025885459500	0.0000009697
0.000028530529900	0.0000009236
0.000031451970600	0.0000008799
0.000034190194100	0.0000008435
0.000038215526000	0.0000007980
0.000042714774400	0.0000007547
0.000046433543100	0.0000007239
0.000051178291400	0.0000006896
0.000055633897900	0.0000006614
0.000060477411700	0.0000006345
0.000066670117100	0.0000006040
0.000073482712200	0.0000005757
0.000078784109600	0.0000005560
0.000086834556400	0.0000005293
0.000094394414400	0.0000005078
0.000102612437000	0.0000004871
0.000111545925000	0.0000004671
0.000119593386000	0.0000004511
0.000133673537000	0.0000004266
0.000155764518000	0.0000003953
0.000171714337000	0.0000003764
0.000186663869000	0.0000003611
0.000202914915000	0.0000003463
0.000220580784000	0.0000003321
0.000239784653000	0.0000003186
0.000264286721000	0.0000003034
0.000308022543000	0.0000002810
0.000344287121000	0.0000002658
0.000374260922000	0.0000002550
0.000406844257000	0.0000002446
0.000442264313000	0.0000002346
0.000474079621000	0.0000002265
0.000529894683000	0.0000002143
0.000617584975000	0.0000001985
0.000690295428000	0.0000001877
0.000804374129000	0.0000001739
0.000874403325000	0.0000001668
0.000950529297000	0.0000001600
0.001062438460000	0.0000001513
0.001238257430000	0.0000001402
0.001384041830000	0.0000001326
0.001483606090000	0.0000001281
0.001612769550000	0.0000001228
0.001753178030000	0.0000001178
0.001905810550000	0.0000001130
0.002100959830000	0.0000001076
0.002283870400000	0.0000001033
0.002479539730000	0.0000000991
0.002753367720000	0.0000000940
0.002993077230000	0.0000000902
0.003221839730000	0.0000000869
0.003502334630000	0.0000000833
0.003807249560000	0.0000000799
0.004227447080000	0.0000000759
0.004959079460000	0.0000000701
0.005506735420000	0.0000000665
0.005914421390000	0.0000000641
0.006429333740000	0.0000000615
0.006989074610000	0.0000000590
0.007597546780000	0.0000000566
0.008454894180000	0.0000000536
0.009918158910000	0.0000000495
0.011013470800000	0.0000000470
0.011828842800000	0.0000000454
0.012858667500000	0.0000000435
0.013978149200000	0.0000000417
0.015195093600000	0.0000000400
0.016909788300000	0.0000000379
0.019836317800000	0.0000000350
0.022026941700000	0.0000000332
0.023657685600000	0.0000000321
0.025717335000000	0.0000000308
0.027956298400000	0.0000000295
0.030390187100000	0.0000000283
0.033819576700000	0.0000000268
0.039672635600000	0.0000000248
0.044053883300000	0.0000000235
0.047315371000000	0.0000000227
0.051434669800000	0.0000000217
0.056188717600000	0.0000000208
0.060943314900000	0.0000000200
0.067639153200000	0.0000000190
0.079345271100000	0.0000000175
0.088107766700000	0.0000000166
0.094630742100000	0.0000000160
0.102869340000000	0.0000000154
0.112377435000000	0.0000000147
0.121886630000000	0.0000000141
0.135278308000000	0.0000000134
0.158690543000000	0.0000000124
0.176215533000000	0.0000000117
0.189261484000000	0.0000000113
0.206197742000000	0.0000000109
0.224754870000000	0.0000000104
0.243773260000000	0.0000000100
0.270556614000000	0.0000000095
0.286725605000000	0.0000000092
0.317381085000000	0.0000000088
0.352431067000000	0.0000000083
0.378522969000000	0.0000000080
0.412395484000000	0.0000000077
0.449509741000000	0.0000000074
0.487546520000000	0.0000000071
0.541113226000000	0.0000000067
0.573451208000000	0.0000000065
0.634762169000000	0.0000000062
0.704862133000000	0.0000000059
0.757045937000000	0.0000000057
0.824790968000000	0.0000000054
0.899019482000000	0.0000000052
0.975093038000000	0.0000000050
1.082226450000000	0.0000000047
1.146902420000000	0.0000000046
1.269524340000000	0.0000000044
1.409724270000000	0.0000000042
1.514091880000000	0.0000000040
1.649581930000000	0.0000000038
1.798038970000000	0.0000000037
1.950186070000000	0.0000000035
2.164452910000000	0.0000000034
2.293804840000000	0.0000000033
2.539048690000000	0.0000000031
2.819448540000000	0.0000000029
3.028183760000000	0.0000000028
3.299163880000000	0.0000000027
3.596077930000000	0.0000000026
3.900372160000000	0.0000000025
4.328905820000000	0.0000000024
4.587609670000000	0.0000000023
5.078097360000000	0.0000000022
5.638897070000000	0.0000000021
6.056367500000000	0.0000000020
6.598327750000000	0.0000000019
7.192155850000000	0.0000000018
7.800744300000000	0.0000000018
8.657811610000000	0.0000000017
9.175219300000000	0.0000000016
10.156194600000000	0.0000000015
11.277794100000000	0.0000000015
12.112735000000000	0.0000000014
13.196655500000000	0.0000000014
14.457049200000000	0.0000000013
15.733970100000000	0.0000000012
17.227513700000000	0.0000000012
20.000000000000000	0.0000000011
