1e-11  267407.71
1.02999e-11  263485.924
1.06087e-11  259622.86
1.09269e-11  255814.665
1.12544e-11  252064.646
1.1592e-11  248367.482
1.19395e-11  244726.468
1.22976e-11  241136.935
1.26662e-11  237601.921
1.30462e-11  234116.434
1.34372e-11  230684.786
1.38403e-11  227300.904
1.42552e-11  223969.025
1.46827e-11  220684.052
1.51229e-11  217448.774
1.55765e-11  214258.949
1.60434e-11  211118.343
1.65246e-11  208021.599
1.70199e-11  204972.206
1.75304e-11  201965.874
1.80559e-11  199004.996
1.85975e-11  196086.014
1.9155e-11  193211.505
1.97295e-11  190377.606
2.03209e-11  187586.676
2.09305e-11  184834.95
2.15579e-11  182125.599
2.22045e-11  179454.104
2.28701e-11  176823.506
2.35561e-11  174229.703
2.42622e-11  171675.769
2.49899e-11  169157.644
2.5739e-11  166677.894
2.6511e-11  164233.152
2.73057e-11  161825.519
2.81247e-11  159451.985
2.89678e-11  157114.408
2.98367e-11  154809.811
3.07311e-11  152540.447
3.16528e-11  150303.054
3.26017e-11  148099.645
3.35795e-11  145927.369
3.45861e-11  143788.125
3.56235e-11  141679.028
3.66913e-11  139602.123
3.77919e-11  137554.402
3.89247e-11  135537.985
4.00923e-11  133549.838
4.12941e-11  131592.163
4.25327e-11  129661.896
4.38076e-11  127761.214
4.51216e-11  125887.205
4.64742e-11  124041.791
4.78681e-11  122222.38
4.9303e-11  120430.65
5.07818e-11  118664.217
5.23041e-11  116924.637
5.38729e-11  115209.592
5.54878e-11  113520.692
5.71521e-11  111855.595
5.88653e-11  110215.844
6.0631e-11  108599.152
6.24484e-11  107007.207
6.43215e-11  105437.648
6.62496e-11  103891.981
6.82368e-11  102368.056
7.02822e-11  100867.446
7.23903e-11  99387.9154
7.45603e-11  97930.9619
7.67967e-11  96494.4822
7.90987e-11  95079.9657
8.14712e-11  93685.3516
8.39134e-11  92311.9685
8.64304e-11  90957.9102
8.90212e-11  89624.5539
9.16913e-11  88309.9537
9.44399e-11  87015.376
9.72725e-11  85739.0505
1.00188e-10  84482.1572
1.03193e-10  83243.1632
1.06287e-10  82022.686
1.09475e-10  80819.5079
1.12756e-10  79634.8156
1.16139e-10  78466.5613
1.1962e-10  77316.4614
1.23208e-10  76182.3194
1.26901e-10  75065.5997
1.30707e-10  73964.6493
1.34626e-10  72880.2657
1.38664e-10  71811.1273
1.4282e-10  70758.5516
1.47104e-10  69720.6367
1.51513e-10  68698.6054
1.56058e-10  67690.94
1.60736e-10  66698.6288
1.65557e-10  65720.3346
1.7052e-10  64756.8759
1.75635e-10  63806.9496
1.80899e-10  62871.6518
1.86325e-10  61949.5169
1.91911e-10  61041.3108
1.97667e-10  60145.9482
2.03592e-10  59264.2551
2.09699e-10  58394.9447
2.15985e-10  57538.9334
2.22463e-10  56694.9668
2.29132e-10  55863.8396
2.36004e-10  55044.4688
2.43079e-10  54237.5115
2.5037e-10  53441.9365
2.57875e-10  52658.5294
2.6561e-10  51886.1065
2.73572e-10  51125.515
2.81777e-10  50375.6292
2.90224e-10  49637.1299
2.98929e-10  48909.0455
3.0789e-10  48192.075
3.17125e-10  47485.1624
3.26631e-10  46789.0888
3.36428e-10  46102.7735
3.46513e-10  45426.9466
3.56906e-10  44760.6253
3.67605e-10  44104.4593
3.78631e-10  43457.5194
3.89981e-10  42820.4725
4.01678e-10  42192.3716
4.13719e-10  41573.8653
4.26128e-10  40964.0478
4.38901e-10  40363.5495
4.52066e-10  39771.4948
4.65617e-10  39188.4686
4.79583e-10  38613.6521
4.93959e-10  38047.5968
5.08775e-10  37489.5145
5.24026e-10  36939.9382
5.39744e-10  36398.0998
5.55923e-10  35864.5259
5.72598e-10  35338.4607
5.89762e-10  34820.4211
6.07452e-10  34309.6647
6.25661e-10  33806.7124
6.44427e-10  33310.8338
6.63744e-10  32822.5149
6.83653e-10  32341.0719
7.04146e-10  31866.9694
7.25267e-10  31399.5346
7.47007e-10  30939.2418
7.69413e-10  30485.4285
7.92477e-10  30038.5222
8.16247e-10  29597.9172
8.40715e-10  29164.0245
8.65932e-10  28736.2395
8.91889e-10  28314.9851
9.18641e-10  27899.6522
9.46178e-10  27490.663
9.74558e-10  27087.4249
1.003771e-09  26690.3385
1.033879e-09  26298.8383
1.064871e-09  25913.3131
1.096811e-09  25533.2074
1.129689e-09  25158.9084
1.163573e-09  24789.8725
1.198452e-09  24426.4658
1.234399e-09  24068.1749
1.271402e-09  23715.3461
1.309537e-09  23367.4796
1.348791e-09  23024.9285
1.389247e-09  22687.1966
1.430892e-09  22354.6101
1.47381e-09  22026.7091
1.517989e-09  21703.806
1.563521e-09  21385.445
1.610389e-09  21071.948
1.658691e-09  20762.8602
1.708412e-09  20458.4846
1.759655e-09  20158.3936
1.812403e-09  19862.8801
1.866765e-09  19571.5222
1.922723e-09  19284.6148
1.980394e-09  19001.7395
2.039758e-09  18723.1837
2.100939e-09  18448.5465
2.163917e-09  18178.0969
2.228823e-09  17911.4517
2.295634e-09  17648.8784
2.36449e-09  17389.9974
2.435368e-09  17135.0664
2.508415e-09  16883.7233
2.583608e-09  16636.2122
2.661102e-09  16392.1834
2.740871e-09  16151.8805
2.823082e-09  15914.956
2.907706e-09  15681.6484
2.994921e-09  15451.623
3.084697e-09  15225.1055
3.177221e-09  15001.7753
3.272461e-09  14781.8533
3.370617e-09  14565.0245
3.471655e-09  14351.5047
3.575785e-09  14140.9881
3.682973e-09  13933.6842
3.793441e-09  13729.2967
3.907154e-09  13528.027
4.024346e-09  13329.5896
4.14498e-09  13134.179
4.269306e-09  12941.5186
4.397283e-09  12751.7963
4.529177e-09  12564.7442
4.664944e-09  12380.5454
4.804866e-09  12198.9385
4.948897e-09  12020.1019
5.097336e-09  11843.7819
5.250134e-09  11670.1514
5.407609e-09  11498.9637
5.569708e-09  11330.3883
5.736768e-09  11164.1838
5.908733e-09  11000.5161
6.085962e-09  10839.1504
6.268395e-09  10680.2467
6.456412e-09  10523.5784
6.649949e-09  10369.3007
6.849411e-09  10217.193
7.054729e-09  10067.4066
7.266331e-09  9919.72727
7.484147e-09  9774.30082
7.70863e-09  9630.92016
7.939704e-09  9489.72761
8.17785e-09  9350.52137
8.42299e-09  9213.4385
8.675632e-09  9078.28469
8.935694e-09  8945.19236
9.203714e-09  8813.97288
9.479605e-09  8684.75502
9.76394e-09  8557.35539
1.0056625e-08  8431.89914
1.0358267e-08  8308.20804
1.0668767e-08  8186.40403
1.098877e-08  8066.31364
1.131817e-08  7948.05538
1.1657652e-08  7831.46072
1.2007102e-08  7716.64515
1.2367248e-08  7603.44461
1.2737969e-08  7491.97135
1.3120036e-08  7382.06635
1.3513323e-08  7273.83786
1.3918647e-08  7167.13213
1.4335873e-08  7062.05428
1.4765869e-08  6958.45475
1.5208491e-08  6856.43578
1.5664661e-08  6755.85199
1.6134225e-08  6656.80285
1.6618162e-08  6559.14705
1.7116308e-08  6462.98124
1.7629702e-08  6368.16823
1.8158171e-08  6274.8018
1.8702814e-08  6182.74883
1.926345e-08  6092.10028
1.9841246e-08  6002.72695
2.0436008e-08  5914.7172
2.1048973e-08  5827.94563
2.1679938e-08  5742.49774
2.2330215e-08  5658.25202
2.2999587e-08  5575.29158
2.3689445e-08  5493.49827
2.4399561e-08  5412.95279
2.5268741e-08  5319.02466
2.53e-08  5315.7371
2.6058858e-08  5237.75061
2.684e-08  5160.95391
2.7645049e-08  5085.23763
2.8473738e-08  5010.67646
2.9327791e-08  4937.16424
3.0206922e-08  4864.77355
3.111296e-08  4793.4013
3.2045604e-08  4723.11788
3.3006792e-08  4653.82325
3.3996206e-08  4585.58576
3.5015901e-08  4518.30828
3.6065539e-08  4452.05718
3.7147303e-08  4386.73812
3.8260833e-08  4322.41556
3.9408443e-08  4258.99791
4.0589752e-08  4196.54776
4.1807217e-08  4134.97617
4.3060432e-08  4074.34388
4.4352004e-08  4014.56457
4.5681502e-08  3955.69726
4.705169e-08  3897.65806
4.8462114e-08  3840.50426
4.9915706e-08  3784.15448
5.1411981e-08  3728.66436
5.2954052e-08  3673.95482
5.4541406e-08  3620.07986
5.6177342e-08  3566.96275
5.7861316e-08  3514.65595
5.9596832e-08  3463.08488
6.1383309e-08  3412.30054
6.3224464e-08  3362.23049
6.5119683e-08  3312.92422
6.7072909e-08  3264.31145
6.9083489e-08  3216.44017
7.1155607e-08  3169.24221
7.328857e-08  3122.76415
7.5486817e-08  3076.93975
7.7749613e-08  3031.8143
8.0081665e-08  2987.32344
8.2482197e-08  2943.51115
8.49562e-08  2900.31502
8.7502851e-08  2857.77763
9.0127446e-08  2815.83848
9.2829111e-08  2774.53888
9.5613464e-08  2733.82009
9.8479577e-08  2693.72228
1.01433412e-07  2654.1883
1.04473985e-07  2615.25727
1.07607619e-07  2576.8737
1.1083327e-07  2539.07551
1.14157646e-07  2501.80886
1.17579641e-07  2465.1106
1.21106371e-07  2428.92845
1.24736661e-07  2393.29818
1.28478062e-07  2358.16903
1.32329326e-07  2323.57575
1.36298464e-07  2289.46905
1.40384153e-07  2255.88269
1.4459489e-07  2222.76879
1.48929273e-07  2190.16015
1.53396316e-07  2158.01031
1.57994531e-07  2126.35102
1.62733481e-07  2095.13727
1.67611588e-07  2064.3999
1.72638996e-07  2034.09511
1.7781403e-07  2004.2529
1.83147454e-07  1974.83077
1.8863749e-07  1945.85782
1.94295557e-07  1917.29274
2.0011977e-07  1889.16383
2.06122241e-07  1861.43097
2.12300971e-07  1834.12165
2.18668809e-07  1807.19692
2.25223636e-07  1780.68342
2.31979082e-07  1754.54337
2.38932897e-07  1728.80263
2.46099545e-07  1703.42453
2.53476636e-07  1678.43416
2.61079514e-07  1653.79589
2.68905645e-07  1629.53407
2.76971307e-07  1605.61416
2.85273811e-07  1582.05972
2.93830426e-07  1558.83719
3.02638301e-07  1535.96948
3.11715753e-07  1513.42398
3.21059758e-07  1491.22287
3.30689751e-07  1469.33451
3.40602522e-07  1447.78041
3.50818688e-07  1426.52982
3.61334845e-07  1405.60365
3.72172865e-07  1384.97198
3.83329135e-07  1364.65517
3.9482686e-07  1344.6242
4.06662208e-07  1324.89881
4.18859794e-07  1305.45087
4.31415555e-07  1286.29957
4.44355602e-07  1267.41763
4.57675626e-07  1248.8237
4.71403329e-07  1230.49135
4.85534136e-07  1212.43865
5.00097438e-07  1194.63998
5.15088382e-07  1177.11293
5.30538145e-07  1159.83254
5.46441581e-07  1142.81592
5.62831765e-07  1126.0406
5.79703235e-07  1109.5197
5.97091082e-07  1093.23143
6.14989512e-07  1077.19186
6.33435749e-07  1061.37815
6.52423648e-07  1045.8059
6.71992699e-07  1030.45291
6.92136383e-07  1015.33431
7.12896594e-07  1000.42854
7.34266415e-07  985.750242
7.5629029e-07  971.278447
7.78960882e-07  957.027344
8.02325342e-07  942.976507
8.26375882e-07  929.139661
8.51162526e-07  915.496914
8.76677012e-07  902.061538
9.02972407e-07  888.814178
9.30039949e-07  875.767708
9.57935933e-07  862.903364
9.86651065e-07  850.233726
1.01195589e-06  839.517455
1.04050974e-06  827.896492
1.06986929e-06  816.434777
1.10005725e-06  805.130296
1.13109702e-06  793.981121
1.16301262e-06  782.985376
1.19582876e-06  772.141213
1.22957087e-06  761.446776
1.26426505e-06  750.900187
1.29993819e-06  740.499537
1.33661789e-06  730.242893
1.37433257e-06  720.128305
1.41311143e-06  710.153819
1.45298448e-06  700.31749
1.5150601e-06  685.784552
1.57948201e-06  671.618233
1.64696196e-06  657.680493
1.71699247e-06  644.094108
1.79034725e-06  630.726648
1.86647465e-06  617.695904
1.94621574e-06  604.875102
2.02897083e-06  592.377666
2.11565421e-06  580.082492
2.20561399e-06  568.098494
2.29984408e-06  556.309052
2.3976358e-06  544.817766
2.5000696e-06  533.512525
2.60637512e-06  522.493324
2.71772686e-06  511.653134
2.83328738e-06  501.086831
2.99543407e-06  487.303528
3.16686028e-06  473.895673
3.34809707e-06  460.857019
3.53970589e-06  448.182908
3.74228032e-06  435.861696
3.95644792e-06  423.877077
4.18287216e-06  412.218021
4.42225446e-06  400.879923
4.74129723e-06  387.124369
5.08237344e-06  373.86718
5.44904038e-06  361.043139
5.84102973e-06  348.709851
6.26242979e-06  336.758537
6.7129322e-06  325.244862
7.29736328e-06  311.933687
7.93267522e-06  299.149614
8.62329771e-06  286.84907
9.50629751e-06  273.179246
1.04776856e-05  260.135908
1.15505691e-05  247.705248
1.27308483e-05  235.791937
1.4034449e-05  224.54421
1.546854e-05  213.807334
1.70524721e-05  203.472987
1.87949557e-05  193.749612
2.07195027e-05  184.449087
2.28366969e-05  175.635118
2.55253416e-05  166.010784
2.774759e-05  159.236852
3.01633085e-05  152.66013
3.32519408e-05  145.293541
3.61468706e-05  139.321893
3.92938344e-05  133.578682
4.27147744e-05  128.064423
4.64335431e-05  122.813387
5.11782914e-05  116.884928
5.56338979e-05  112.1323
6.04774117e-05  107.493017
6.66701171e-05  102.300894
7.24744494e-05  98.1044138
7.87841096e-05  94.0712725
8.68345564e-05  89.5526561
9.43944144e-05  85.8609869
0.000102612437  82.3151266
0.000111545925  78.882911
0.000121257167  75.6252179
0.000131813873  72.4596945
0.000143289652  69.4558869
0.000155764518  66.5652415
0.000171714337  63.3436135
0.000186663869  60.708057
0.000202914915  58.1795161
0.000223649499  55.3557745
0.000239784653  53.4191006
0.000264286721  50.818323
0.000287295649  48.6978787
0.000312307745  46.6574646
0.000339497407  44.6914771
0.000374260922  42.5245483
0.000406844257  40.7430062
0.000448417083  38.745327
0.000487456489  37.1167938
0.000522623951  35.8003614
0.000576027568  34.0431984
0.000635011062  32.3773077
0.000690295428  30.9991294
0.000750392878  29.6866294
0.000815722441  28.4317456
0.000899075927  27.0223756
0.000977349907  25.8705269
0.00106243846  24.762202
0.00113908789  23.8722443
0.00123756932  22.8596937
0.0013453127  21.872587
0.00148278165  20.7808057
0.00161187333  19.8860455
0.00175220379  19.0259208
0.00187861622  18.3358087
0.0020282165  17.6087294
0.002204794  16.8394136
0.00243008787  15.9916845
0.00267892157  15.175246
0.00291214976  14.5093942
0.00315371841  13.900388
0.00342828264  13.2832086
0.00372675056  12.6969099
0.00405120325  12.1367228
0.00447241853  11.497327
0.00486178942  10.9841831
0.00528505914  10.4905957
0.0058251057  9.94310537
0.00631966361  9.50315066
0.00683039247  9.10090185
0.00733973436  8.74440021
0.008112866  8.26706516
0.00881917599  7.88609092
0.00958697767  7.52308272
0.0106140133  7.1001931
0.0115380744  6.76795353
0.0128674671  6.35765046
0.0139877149  6.05839585
0.0152054921  5.77314311
0.0167087447  5.46322892
0.0179547146  5.23758253
0.0194746223  4.99270264
0.0211700922  4.75098508
0.0230131705  4.52127176
0.0253527063  4.26625065
0.0273809228  4.07291043
0.0296323571  3.88273802
0.032451464  3.6737454
0.0354937888  3.47691619
0.0379444563  3.33733146
0.0411953429  3.17040352
0.0456348713  2.97639352
0.0493872617  2.83285321
0.0531802853  2.7039896
0.0606318349  2.49020136
0.0659104714  2.36252263
0.0709875775  2.25422813
0.0760581188  2.15791753
0.08112866  2.07200198
0.0873885189  1.97609574
0.0948683298  1.87665123
0.102305188  1.79022951
0.113650826  1.67815925
0.12169299  1.60921038
0.131443452  1.53659036
0.14  1.47901909
0.16  1.36991773
0.177242836  1.2966932
0.2  1.21871965
0.226700557  1.15506062
0.249865644  1.10717806
0.294720613  1.05025614
0.35  1.00850816
0.4112866  0.981872475
0.684053413  0.881875901
0.8  0.850664165
0.861992013  0.841965693
0.95  0.836594865
1.01410825  0.839805921
1.33668145  0.874757709
1.5  0.885036408
1.6  0.883846422
1.7  0.877266769
1.82539485  0.862118233
1.95361135  0.841247613
2.2620763  0.778010582
2.78737997  0.664475977
3.16185731  0.592569553
3.30341395  0.567995599
3.60912027  0.521469342
3.95613239  0.475783386
4.08772284  0.460257382
4.42415271  0.425255952
4.74341649  0.394279086
5  0.372000805
5.24404424  0.352489224
5.5  0.334000898
5.74456265  0.318123377
6.244998  0.288661394
6.5  0.275002263
7.85524872  0.226754069
8  0.222000652
8.37214403  0.211415437
9.5  0.184000932
10  0.174999668
10.5  0.16500102
11  0.157999652
11.5  0.150000356
12  0.143000363
13  0.131000378
13.5  0.126000385
14  0.121999569
14.8717476  0.113210202
16  0.104000251
17  0.09760013
18  0.091800133
19  0.086600137
20  0.082001079
