0.000000000010000	109.8837740000
0.000000000010300	108.2734760000
0.000000000010609	106.6873080000
0.000000000010927	105.1236880000
0.000000000011254	103.5839730000
0.000000000011592	102.0659800000
0.000000000011940	100.5710610000
0.000000000012298	99.0972990000
0.000000000012666	97.6459409000
0.000000000013046	96.2149377000
0.000000000013437	94.8060595000
0.000000000013840	93.4168131000
0.000000000014255	92.0489380000
0.000000000014683	90.7003419000
0.000000000015123	89.3721694000
0.000000000015577	88.0626790000
0.000000000016043	86.7734171000
0.000000000016525	85.5021841000
0.000000000017020	84.2504126000
0.000000000017530	83.0163416000
0.000000000018056	81.8009534000
0.000000000018598	80.6027874000
0.000000000019155	79.4229012000
0.000000000019730	78.2597092000
0.000000000020321	77.1141803000
0.000000000020931	75.9847685000
0.000000000021558	74.8727752000
0.000000000022205	73.7763461000
0.000000000022870	72.6967293000
0.000000000023556	71.6322409000
0.000000000024262	70.5841430000
0.000000000024990	69.5507690000
0.000000000025739	68.5331721000
0.000000000026511	67.5299704000
0.000000000027306	66.5420264000
0.000000000028125	65.5681046000
0.000000000028968	64.6089676000
0.000000000029837	63.6633941000
0.000000000030731	62.7323082000
0.000000000031653	61.8143712000
0.000000000032602	60.9104100000
0.000000000033580	60.0192541000
0.000000000034586	59.1416827000
0.000000000035624	58.2765123000
0.000000000036691	57.4245822000
0.000000000037792	56.5846578000
0.000000000038925	55.7576096000
0.000000000040092	54.9421921000
0.000000000041294	54.1393096000
0.000000000042533	53.3477043000
0.000000000043808	52.5682697000
0.000000000045122	51.7998118000
0.000000000046474	51.0431182000
0.000000000047868	50.2971261000
0.000000000049303	49.5625239000
0.000000000050782	48.8383341000
0.000000000052304	48.1251943000
0.000000000053873	47.4221545000
0.000000000055488	46.7298746000
0.000000000057152	46.0473944000
0.000000000058865	45.3753467000
0.000000000060631	44.7127941000
0.000000000062448	44.0604281000
0.000000000064322	43.4172814000
0.000000000066250	42.7839711000
0.000000000068237	42.1596162000
0.000000000070282	41.5448613000
0.000000000072390	40.9387904000
0.000000000074560	40.3420169000
0.000000000076797	39.7536794000
0.000000000079099	39.1743879000
0.000000000081471	38.6032984000
0.000000000083913	38.0409550000
0.000000000086430	37.4865771000
0.000000000089021	36.9407286000
0.000000000091691	36.4026129000
0.000000000094440	35.8727483000
0.000000000097273	35.3504103000
0.000000000100188	34.8360818000
0.000000000103193	34.3291354000
0.000000000106287	33.8298238000
0.000000000109475	33.3376489000
0.000000000112756	32.8530961000
0.000000000116139	32.3753277000
0.000000000119620	31.9050458000
0.000000000123208	31.4413520000
0.000000000126901	30.9848452000
0.000000000130707	30.5348495000
0.000000000134626	30.0916909000
0.000000000138664	29.6548293000
0.000000000142820	29.2248031000
0.000000000147104	28.8008351000
0.000000000151513	28.3834249000
0.000000000156058	27.9719526000
0.000000000160736	27.5668217000
0.000000000165557	27.1674864000
0.000000000170520	26.7742805000
0.000000000175635	26.3866723000
0.000000000180899	26.0051091000
0.000000000186325	25.6289929000
0.000000000191911	25.2586360000
0.000000000197667	24.8935959000
0.000000000203592	24.5342093000
0.000000000209699	24.1799517000
0.000000000215985	23.8311963000
0.000000000222463	23.4874323000
0.000000000229132	23.1489831000
0.000000000236004	22.8154078000
0.000000000243079	22.4869738000
0.000000000250370	22.1632614000
0.000000000257875	21.8445902000
0.000000000265610	21.5304786000
0.000000000273572	21.2212711000
0.000000000281777	20.9165101000
0.000000000290224	20.6164721000
0.000000000298929	20.3207623000
0.000000000307890	20.0296647000
0.000000000317125	19.7427503000
0.000000000326631	19.4603362000
0.000000000336428	19.1819837000
0.000000000346513	18.9079891000
0.000000000356906	18.6379536000
0.000000000367605	18.3721406000
0.000000000378631	18.1101735000
0.000000000389981	17.8523224000
0.000000000401678	17.5982038000
0.000000000413719	17.3480800000
0.000000000426128	17.1015847000
0.000000000438901	16.8589725000
0.000000000452066	16.6198896000
0.000000000465617	16.3845720000
0.000000000479583	16.1526893000
0.000000000493959	15.9244637000
0.000000000508775	15.6995774000
0.000000000524026	15.4782449000
0.000000000539744	15.2601568000
0.000000000555923	15.0455250000
0.000000000572598	14.8340452000
0.000000000589762	14.6259251000
0.000000000607452	14.4208662000
0.000000000625661	14.2190776000
0.000000000644427	14.0202660000
0.000000000663744	13.8246262000
0.000000000683653	13.6318838000
0.000000000704146	13.4422249000
0.000000000725267	13.2553799000
0.000000000747007	13.0715383000
0.000000000769413	12.8904352000
0.000000000792477	12.7122410000
0.000000000816247	12.5367140000
0.000000000840715	12.3640176000
0.000000000865932	12.1939109000
0.000000000891889	12.0265618000
0.000000000918641	11.8617281000
0.000000000946178	11.6995770000
0.000000000974558	11.5398732000
0.000000001003771	11.3827751000
0.000000001033879	11.2280586000
0.000000001064871	11.0758769000
0.000000001096811	10.9260105000
0.000000001129689	10.7786116000
0.000000001163573	10.6334658000
0.000000001198452	10.4907166000
0.000000001234399	10.3501618000
0.000000001271402	10.2119370000
0.000000001309537	10.0758457000
0.000000001354508	9.9230397800
0.000000001401024	9.7730436200
0.000000001449138	9.6258140900
0.000000001498903	9.4813138700
0.000000001550378	9.3394942500
0.000000001603620	9.2003185800
0.000000001658691	9.0637428000
0.000000001715653	8.9297289900
0.000000001774572	8.7982355000
0.000000001835513	8.6692284900
0.000000001898548	8.5426646600
0.000000001963747	8.4185105100
0.000000002031185	8.2967280100
0.000000002100939	8.1772808800
0.000000002173089	8.0601329600
0.000000002247716	7.9452514000
0.000000002324906	7.8326004200
0.000000002404747	7.7221463700
0.000000002487330	7.6138561400
0.000000002572749	7.5076973200
0.000000002661102	7.4036371100
0.000000002752488	7.3016458900
0.000000002847013	7.2016905200
0.000000002944784	7.1037412800
0.000000003045912	7.0077684600
0.000000003150514	6.9137408400
0.000000003258708	6.8216304400
0.000000003370617	6.7314087500
0.000000003486369	6.6430470900
0.000000003606097	6.5565168200
0.000000003729936	6.4717915700
0.000000003858028	6.3888436700
0.000000003990519	6.3076464500
0.000000004127559	6.2281741800
0.000000004269306	6.1503998800
0.000000004415921	6.0742983000
0.000000004567571	5.9998442600
0.000000004724429	5.9270127400
0.000000004886673	5.8557794900
0.000000005054489	5.7861197100
0.000000005228069	5.7180091100
0.000000005407609	5.6514247000
0.000000005593315	5.5863424800
0.000000005785398	5.5227394800
0.000000005984078	5.4605924200
0.000000006215705	5.3924050500
0.000000006456412	5.3259681400
0.000000006706321	5.2613125500
0.000000006966028	5.1983460400
0.000000007235663	5.1370968800
0.000000007515869	5.0774766600
0.000000007806787	5.0195111300
0.000000008109109	4.9631156500
0.000000008422990	4.9083130000
0.000000008749176	4.8550223700
0.000000009087832	4.8032643000
0.000000009439764	4.7529609000
0.000000009805150	4.7041305000
0.000000010184861	4.6566983800
0.000000010579088	4.6106804500
0.000000010988770	4.5660051100
0.000000011414114	4.5226859900
0.000000011906173	4.4760744600
0.000000012419445	4.4310388500
0.000000012954844	4.3875411300
0.000000013513323	4.3455434700
0.000000014095879	4.3050083300
0.000000014703548	4.2658983700
0.000000015337414	4.2281765200
0.000000015998605	4.1918059700
0.000000016759034	4.1533082500
0.000000017555294	4.1163676100
0.000000018389713	4.0809078500
0.000000019263450	4.0469088000
0.000000020179060	4.0142975100
0.000000021137813	3.9830526800
0.000000022142513	3.9531045500
0.000000023292864	3.9218795100
0.000000024502979	3.8921001400
0.000000025268741	3.8746882000
0.000000025300000	3.8739992200
0.000000026614389	3.8464579100
0.000000028115730	3.8180808700
0.000000029701233	3.7911687400
0.000000031376705	3.7656374600
0.000000033146101	3.7414389000
0.000000035163690	3.7167839800
0.000000037304088	3.6935166600
0.000000039742508	3.6700410200
0.000000042339565	3.6479945600
0.000000045107135	3.6272824300
0.000000048258434	3.6065815800
0.000000051629891	3.5872258600
0.000000055470020	3.5680409600
0.000000059596832	3.5501768900
0.000000064300915	3.5326085600
0.000000069669110	3.5154572200
0.000000075486817	3.4996233900
0.000000082135535	3.4842740000
0.000000089747053	3.4694938000
0.000000098479577	3.4553509800
0.000000108519809	3.4419031400
0.000000120088382	3.4291964100
0.000000134016714	3.4168083500
0.000000150191747	3.4053055300
0.000000169748875	3.3943251800
0.000000193475511	3.3839840600
0.000000222391834	3.3743643400
0.000000257792294	3.3655257300
0.000000302638301	3.3572977300
0.000000359816201	3.3497817100
0.000000435072664	3.3429004900
0.000000537293694	3.3366411100
0.000000680549444	3.3310323900
0.000000895382252	3.3259263100
0.000001295469270	3.3200889400
0.000002021995650	3.3141364600
0.000004858320550	3.3073605200
0.000026893363100	3.2893894400
0.000111162454000	3.2687232100
0.000352784716000	3.2397506000
0.000835855865000	3.2082267900
0.002682560450000	3.1324895900
0.004365877060000	3.0850063700
0.006948292600000	3.0372813600
0.010427228400000	2.9977465000
0.023587186100000	2.9372305600
0.030089269700000	2.8853009400
0.046881127500000	2.7058976600
0.054680846800000	2.6347419500
0.064212099900000	2.5616695500
0.077116237500000	2.4810625000
0.092539485000000	2.4033983400
0.112439540000000	2.3228223100
0.133272090000000	2.2547474700
0.153889354000000	2.1990372700
0.185078970000000	2.1289519800
0.202821650000000	2.0960483700
0.249865644000000	2.0324078900
0.308464950000000	1.9840095000
0.450000000000000	1.8918612200
0.500000000000000	1.8894270700
0.600000000000000	1.8576762400
0.700000000000000	1.8737329800
0.800000000000000	1.9193526600
0.861992013000000	1.9621822900
1.216929900000000	2.1476331400
1.400000000000000	2.2193826200
1.500000000000000	2.2949262600
1.800000000000000	2.3640188200
1.900000000000000	2.3711122800
2.400000000000000	2.3643763800
2.500000000000000	2.3647812200
2.800000000000000	2.3506688100
3.084649500000000	2.3146311000
4.441794140000000	2.1095875200
5.500000000000000	1.9130043000
6.591703630000000	1.7378601600
7.000000000000000	1.6660058300
8.500000000000000	1.4629028100
9.000000000000000	1.4030065800
9.500000000000000	1.3639925600
10.000000000000000	1.3020036500
11.000000000000000	1.1970055700
13.183407300000000	1.0299597400
14.000000000000000	0.9719045530
17.000000000000000	0.8234014920
18.000000000000000	0.7819010230
19.000000000000000	0.7450011200
20.000000000000000	0.7130075080
