0.000000000010000	44.2383552000
0.000000000010300	43.5935464000
0.000000000010609	42.9584515000
0.000000000010927	42.3324371000
0.000000000011254	41.7160469000
0.000000000011592	41.1084063000
0.000000000011940	40.5100568000
0.000000000012298	39.9202311000
0.000000000012666	39.3394283000
0.000000000013046	38.7668283000
0.000000000013437	38.2031395000
0.000000000013840	37.6473642000
0.000000000014255	37.1001983000
0.000000000014683	36.5608049000
0.000000000015123	36.0296418000
0.000000000015577	35.5060125000
0.000000000016043	34.9905354000
0.000000000016525	34.4823309000
0.000000000017020	33.9819718000
0.000000000017530	33.4887541000
0.000000000018056	33.0030704000
0.000000000018598	32.5243370000
0.000000000019155	32.0529765000
0.000000000019730	31.5883554000
0.000000000020321	31.1308607000
0.000000000020931	30.6798749000
0.000000000021558	30.2359177000
0.000000000022205	29.7982487000
0.000000000022870	29.3673660000
0.000000000023556	28.9425977000
0.000000000024262	28.5244472000
0.000000000024990	28.1122497000
0.000000000025739	27.7064253000
0.000000000026511	27.3064227000
0.000000000027306	26.9125858000
0.000000000028125	26.5244221000
0.000000000028968	26.1422355000
0.000000000029837	25.7655392000
0.000000000030731	25.3947014000
0.000000000031653	25.0291889000
0.000000000032602	24.6693308000
0.000000000033580	24.3146611000
0.000000000034586	23.9654899000
0.000000000035624	23.6213462000
0.000000000036691	23.2825639000
0.000000000037792	22.9486518000
0.000000000038925	22.6199561000
0.000000000040092	22.2959815000
0.000000000041294	21.9770875000
0.000000000042533	21.6627742000
0.000000000043808	21.3533964000
0.000000000045122	21.0484801000
0.000000000046474	20.7483377000
0.000000000047868	20.4525475000
0.000000000049303	20.1613824000
0.000000000050782	19.8744549000
0.000000000052304	19.5920175000
0.000000000053873	19.3136938000
0.000000000055488	19.0397449000
0.000000000057152	18.7697909000
0.000000000058865	18.5040818000
0.000000000060631	18.2422470000
0.000000000062448	17.9845595000
0.000000000064322	17.7306371000
0.000000000066250	17.4807234000
0.000000000068237	17.2344704000
0.000000000070282	16.9921324000
0.000000000072390	16.7533480000
0.000000000074560	16.5183587000
0.000000000076797	16.2868252000
0.000000000079099	16.0589874000
0.000000000081471	15.8345130000
0.000000000083913	15.6136158000
0.000000000086430	15.3959890000
0.000000000089021	15.1818535000
0.000000000091691	14.9708968000
0.000000000094440	14.7633218000
0.000000000097273	14.5588443000
0.000000000100188	14.3576532000
0.000000000103193	14.1595027000
0.000000000106287	13.9644915000
0.000000000109475	13.7724245000
0.000000000112756	13.5834910000
0.000000000116139	13.3973640000
0.000000000119620	13.2143165000
0.000000000123208	13.0339988000
0.000000000126901	12.8566431000
0.000000000130707	12.6819866000
0.000000000134626	12.5101553000
0.000000000138664	12.3409396000
0.000000000142820	12.1745474000
0.000000000147104	12.0106776000
0.000000000151513	11.8495228000
0.000000000156058	11.6908432000
0.000000000160736	11.5347938000
0.000000000165557	11.3811639000
0.000000000171243	11.2086392000
0.000000000177123	11.0393271000
0.000000000183206	10.8731118000
0.000000000189498	10.7099729000
0.000000000196005	10.5498915000
0.000000000202737	10.3927582000
0.000000000209699	10.2385902000
0.000000000216900	10.0873166000
0.000000000224349	9.9388776300
0.000000000232053	9.7932592100
0.000000000240023	9.6503775000
0.000000000248265	9.5102453700
0.000000000256791	9.3727761400
0.000000000265380	9.2413730600
0.000000000274493	9.1090767600
0.000000000283920	8.9793401200
0.000000000293670	8.8521244100
0.000000000303755	8.7273915100
0.000000000314187	8.6051039500
0.000000000324976	8.4852248500
0.000000000336136	8.3677179300
0.000000000347680	8.2525475100
0.000000000359620	8.1396784400
0.000000000371970	8.0290761800
0.000000000384744	7.9207066700
0.000000000397957	7.8145364300
0.000000000411623	7.7105324600
0.000000000425759	7.6086622800
0.000000000440380	7.5088938800
0.000000000455503	7.4111957400
0.000000000471146	7.3155367900
0.000000000487326	7.2218864100
0.000000000504062	7.1302144100
0.000000000521372	7.0404910300
0.000000000539277	6.9526869100
0.000000000557796	6.8667730800
0.000000000576952	6.7827209700
0.000000000596765	6.7005023700
0.000000000617259	6.6200894100
0.000000000638457	6.5414545900
0.000000000660382	6.4645707300
0.000000000683061	6.3894109600
0.000000000706518	6.3159487400
0.000000000730781	6.2441578000
0.000000000755878	6.1740121700
0.000000000785149	6.0970162600
0.000000000815540	6.0220674500
0.000000000847123	5.9490620400
0.000000000879912	5.8780343400
0.000000000913988	5.8088793800
0.000000000949365	5.7416307800
0.000000000986130	5.6761886600
0.000000001024300	5.6125801800
0.000000001063967	5.5507131400
0.000000001105150	5.4906108100
0.000000001147948	5.4321843900
0.000000001192382	5.3754553400
0.000000001238558	5.3203371300
0.000000001286499	5.2668503700
0.000000001336319	5.2149111100
0.000000001388044	5.1645360700
0.000000001441797	5.1156464500
0.000000001503953	5.0630675400
0.000000001568788	5.0122688200
0.000000001636418	4.9632067900
0.000000001706963	4.9158390000
0.000000001780550	4.8701220600
0.000000001857309	4.8260144800
0.000000001937377	4.7834741300
0.000000002020897	4.7424591900
0.000000002116914	4.6990639100
0.000000002217533	4.6573932800
0.000000002322893	4.6174256500
0.000000002433302	4.5790765200
0.000000002548914	4.5423223300
0.000000002670066	4.5070825400
0.000000002808782	4.4703286300
0.000000002954704	4.4352656800
0.000000003108207	4.4018283600
0.000000003269685	4.3699525900
0.000000003439552	4.3395756400
0.000000003633516	4.3082921600
0.000000003838486	4.2786092900
0.000000004054946	4.2504720800
0.000000004301768	4.2218005200
0.000000004563615	4.1947394800
0.000000004841400	4.1692047500
0.000000005157863	4.1434443400
0.000000005494915	4.1192545200
0.000000005878803	4.0950691700
0.000000006289512	4.0724540700
0.000000006757433	4.0500322100
0.000000007260038	4.0291636700
0.000000007833085	4.0086348400
0.000000008451365	3.9896061800
0.000000009157094	3.9710255900
0.000000009963632	3.9530133200
0.000000010886964	3.9356689200
0.000000011946282	3.9190724400
0.000000013164234	3.9032915100
0.000000014567585	3.8883802500
0.000000016188577	3.8743741900
0.000000018142767	3.8608164900
0.000000020418672	3.8482979200
0.000000023174878	3.8364293500
0.000000025204822	3.8293480200
0.000000025300000	3.8290438900
0.000000029081269	3.8185717400
0.000000033853324	3.8086947900
0.000000039910246	3.7995599900
0.000000047650818	3.7912662300
0.000000057861316	3.7837201300
0.000000071758793	3.7768997600
0.000000091661944	3.7707338700
0.000000121106371	3.7653289300
0.000000166907138	3.7607116800
0.000000245060854	3.7568178600
0.000000394826860	3.7536630800
0.000000737378603	3.7512638400
0.000002001131140	3.7495123200
0.014510158200000	3.6872834900
0.028527040500000	3.6612029400
0.035975661800000	3.6745548200
0.041398986200000	3.7081776000
0.046291760000000	3.7743015700
0.046312235000000	3.7863228000
0.046316785000000	3.7999479000
0.046320993800000	3.8324830100
0.046323894400000	3.8790307600
0.046325828200000	3.9281276900
0.046327932500000	4.0041177600
0.046329638800000	4.0869484800
0.046331345000000	4.1916293200
0.046333051300000	4.3197318700
0.046334757500000	4.4711446700
0.046336782300000	4.6777522300
0.046342538000000	5.3298906900
0.046344358000000	5.5104986100
0.046346178000000	5.6541623200
0.046347543000000	5.7301105000
0.046349108200000	5.7780775900
0.046349999100000	5.7854452300
0.046351501500000	5.7645434900
0.046352821000000	5.7127061800
0.046354186000000	5.6288759800
0.046355505500000	5.5225671300
0.046357487200000	5.3270661100
0.046364090700000	4.5857543200
0.046366285300000	4.3763453700
0.046367931200000	4.2436298600
0.046369851400000	4.1165223900
0.046371908800000	4.0117564300
0.046373966100000	3.9353090700
0.046376023500000	3.8817309900
0.046378080900000	3.8455029700
0.046380824000000	3.8158597300
0.046384938700000	3.7944098000
0.046395911200000	3.7799511500
0.046471622100000	3.7733124100
0.049282040000000	3.8296851000
0.051983450000000	3.9072865600
0.054234625000000	3.9960011100
0.056035565000000	4.0876923700
0.057836505000000	4.2043882200
0.059412327500000	4.3324331000
0.060763032500000	4.4687867900
0.061888620000000	4.6051012100
0.063014207500000	4.7686470000
0.064139795000000	4.9636364700
0.065040265000000	5.1491413600
0.065940735000000	5.3663383300
0.066841205000000	5.6221876800
0.067516557500000	5.8462882900
0.068191910000000	6.0985717300
0.068867262500000	6.3917169600
0.069767732500000	6.8501179700
0.070668202500000	7.4084330800
0.071343555000000	7.9051832900
0.071793790000000	8.2862987600
0.072356583800000	8.8270267600
0.072806818800000	9.3177657400
0.073257053800000	9.8695579200
0.073707288800000	10.4920296000
0.074044965000000	11.0097112000
0.074382641300000	11.5838443000
0.074720317500000	12.2107906000
0.075057993800000	12.9091176000
0.075395670000000	13.6744640000
0.075733346300000	14.5306543000
0.076071022500000	15.4723774000
0.076521257500000	16.9016112000
0.076971492500000	18.5541561000
0.077421727500000	20.4697443000
0.077871962500000	22.6941143000
0.078097080000000	23.9379154000
0.078322197500000	25.2784473000
0.078547315000000	26.7226258000
0.078772432500000	28.2773199000
0.079087597000000	30.6591170000
0.079357738000000	32.8815736000
0.079627879000000	35.3075471000
0.079898020000000	37.9081926000
0.080168161000000	40.7129664000
0.080528349000000	44.7137457000
0.081698960000000	58.8519134000
0.082059148000000	62.9284046000
0.082329289000000	65.6323886000
0.082599430000000	67.9021489000
0.082869571000000	69.6295273000
0.083049665000000	70.4362941000
0.083274782500000	71.0284766000
0.083436867100000	71.1564219000
0.083679994000000	70.8780902000
0.083860088000000	70.3270854000
0.084130229000000	68.9905280000
0.084400370000000	67.1202269000
0.084670511000000	64.8208254000
0.085030699000000	61.2798221000
0.086201310000000	48.6188584000
0.086651545000000	44.0677300000
0.087011733000000	40.7057000000
0.087371921000000	37.6192282000
0.087732109000000	34.8100616000
0.088002250000000	32.8734923000
0.088339926300000	30.6704445000
0.088677602500000	28.6560329000
0.089015278800000	26.8483143000
0.089352955000000	25.1973369000
0.089690631300000	23.7153512000
0.090028307500000	22.3602416000
0.090365983800000	21.1410363000
0.090703660000000	20.0234856000
0.091041336300000	19.0146093000
0.091379012500000	18.0870007000
0.091829247500000	16.9781330000
0.092279482500000	15.9918624000
0.092729717500000	15.1116924000
0.093179952500000	14.3235954000
0.093630187500000	13.6156349000
0.094305540000000	12.6824775000
0.094755775000000	12.1334995000
0.095656245000000	11.1812364000
0.096106480000000	10.7669265000
0.096781832500000	10.2133647000
0.097457185000000	9.7197729800
0.098132537500000	9.2882857300
0.098807890000000	8.9000937000
0.099708360000000	8.4487683700
0.100608830000000	8.0576843400
0.101509300000000	7.7164978500
0.102634888000000	7.3487542100
0.103760475000000	7.0317801300
0.105111180000000	6.7085393600
0.106461885000000	6.4366110600
0.107812590000000	6.2000282500
0.109163295000000	5.9990982600
0.110964235000000	5.7694475200
0.112765175000000	5.5768431500
0.115016350000000	5.3761399100
0.117717760000000	5.1821746300
0.120419170000000	5.0261679300
0.123570815000000	4.8806419000
0.126722460000000	4.7643445600
0.130324340000000	4.6597184000
0.134826690000000	4.5616782400
0.139329040000000	4.4903699000
0.144731860000000	4.4345288900
0.154411913000000	4.3987963100
0.160039850000000	4.4119762100
0.166793375000000	4.4607881700
0.172984107000000	4.5401591500
0.176626968000000	4.6139500900
0.176642200000000	4.6364987400
0.176649817000000	4.6726591600
0.176655529000000	4.7240040700
0.176661622000000	4.8132829300
0.176665811000000	4.9001459600
0.176674153000000	5.1365936400
0.176686431000000	5.5553445800
0.176691277000000	5.6882253600
0.176695477000000	5.7638286800
0.176699994000000	5.7927755800
0.176703392000000	5.7760241000
0.176707270000000	5.7183001500
0.176710985000000	5.6299968000
0.176715832000000	5.4803717400
0.176727463000000	5.0835053300
0.176733522000000	4.9150128700
0.176737560000000	4.8278357300
0.176742608000000	4.7467769000
0.176748666000000	4.6840394200
0.176755733000000	4.6444336800
0.176767849000000	4.6194648700
0.176845391000000	4.6096632500
0.181302839000000	4.7077824600
0.185883393000000	4.8372520800
0.190161546000000	4.9856424200
0.194439699000000	5.1658051900
0.198717851000000	5.3831371900
0.201926466000000	5.5728336400
0.205135081000000	5.7929757100
0.208343695000000	6.0405938000
0.211552310000000	6.3262250000
0.214760924000000	6.6457212100
0.219932188000000	7.2545572000
0.219966094000000	7.2426105400
0.219983047000000	7.2012468800
0.220022000000000	7.0349066900
0.220040500000000	7.0030892100
0.220064000000000	6.9963837600
0.224076000000000	7.5598984400
0.226572000000000	7.9396082700
0.230107500000000	8.5430402600
0.233623000000000	9.1837590200
0.238123000000000	10.0753169000
0.249946000000000	12.4910061000
0.249969047000000	12.4595326000
0.250022823000000	12.1415307000
0.250038187000000	12.0941434000
0.250068915000000	12.0771857000
0.256751425000000	13.0402869000
0.256925960000000	13.1271548000
0.257002500000000	13.2416812000
0.257041000000000	13.3674186000
0.257061000000000	13.4787668000
0.257079080000000	13.6362812000
0.257094080000000	13.8453052000
0.257106000000000	14.1063441000
0.257115200000000	14.4067179000
0.257121800000000	14.7028822000
0.257129000000000	15.1331729000
0.257135402000000	15.6378158000
0.257139652000000	16.0497582000
0.257143884000000	16.5289525000
0.257148000000000	17.0656831000
0.257154000000000	17.9756741000
0.257159700000000	18.9711237000
0.257176828000000	22.3336832000
0.257182671000000	23.3663180000
0.257187306000000	24.0385034000
0.257191336000000	24.4793246000
0.257195000000000	24.7432870000
0.257199819000000	24.8720355000
0.257204000000000	24.7757519000
0.257208500000000	24.4626739000
0.257212000000000	24.0818589000
0.257216000000000	23.5203811000
0.257220500000000	22.7612276000
0.257238076000000	19.3106509000
0.257243908000000	18.2533951000
0.257248282000000	17.5430219000
0.257253750000000	16.7674922000
0.257259286000000	16.1106870000
0.257265153000000	15.5455858000
0.257271610000000	15.0581853000
0.257276713000000	14.7552119000
0.257284612000000	14.3969629000
0.257293000000000	14.1242923000
0.257304000000000	13.8772044000
0.257316808000000	13.6862411000
0.257334304000000	13.5195304000
0.257360606000000	13.3731958000
0.257407204000000	13.2465378000
0.257483020000000	13.1676611000
0.257744000000000	13.1102958000
0.262062895000000	13.3428322000
0.264849940000000	13.3891710000
0.268005000000000	13.3284330000
0.270600240000000	13.1868327000
0.274018000000000	12.9065920000
0.278074830000000	12.4612926000
0.288300570000000	11.1008266000
0.294751500000000	10.2271843000
0.300501800000000	9.5055874900
0.306622500000000	8.8021196300
0.313500000000000	8.1132467200
0.320057000000000	7.5449664100
0.324751000000000	7.1876393300
0.330312000000000	6.8083360700
0.338545000000000	6.3238971900
0.345618500000000	5.9748338700
0.352002750000000	5.6998208100
0.358252900000000	5.4653192700
0.364462000000000	5.2651416200
0.370447988000000	5.1038903800
0.376502000000000	4.9777049000
0.380946000000000	4.9147843800
0.385657000000000	4.8854422700
0.386496000000000	4.8871154800
0.386756300000000	4.8867427200
0.390718513000000	4.9188432500
0.394076253000000	4.9881349600
0.397878000000000	5.1409470200
0.400128000000000	5.2768906200
0.401639763000000	5.3953125500
0.403200438000000	5.5443353600
0.404760500000000	5.7252256100
0.406315000000000	5.9429954900
0.407823000000000	6.1961676400
0.409383500000000	6.5089146900
0.410614500000000	6.8000316800
0.411782400000000	7.1173807900
0.412897000000000	7.4612353400
0.414065500000000	7.8688244600
0.415096500000000	8.2751869000
0.416532000000000	8.9144474400
0.418212000000000	9.7832358600
0.419375000000000	10.4572890000
0.420409000000000	11.1211905000
0.421918040000000	12.1468213000
0.426379000000000	15.4498495000
0.428020000000000	16.5041678000
0.429331000000000	17.1946422000
0.430340000000000	17.5946704000
0.431262000000000	17.8713277000
0.431966500000000	17.9784364000
0.432000000000000	17.9775283000
0.432430000000000	18.0355486000
0.432461000000000	18.0350092000
0.433199000000000	18.0868207000
0.434283500000000	18.0010214000
0.435135000000000	17.8500842000
0.436643165000000	17.4382177000
0.437717000000000	17.0557140000
0.439561000000000	16.2830415000
0.444863220000000	13.8484838000
0.446969500000000	12.9614398000
0.449935969000000	11.8399276000
0.449964657000000	11.7674511000
0.450027472000000	11.3562113000
0.450051708000000	11.2677450000
0.450075944000000	11.2361537000
0.452304900000000	10.5182574000
0.455017800000000	9.7688336300
0.457343475000000	9.2123167300
0.459789825000000	8.7039444100
0.462143000000000	8.2759534600
0.464707700000000	7.8676767400
0.469358750000000	7.2513573700
0.473040813000000	6.8490118800
0.475138500000000	6.6518319300
0.475252000000000	6.6721745400
0.475281652000000	6.7050099200
0.475295152000000	6.7464893800
0.475305250000000	6.8060592300
0.475315000000000	6.9056356100
0.475321500000000	7.0064999900
0.475328000000000	7.1442375400
0.475334000000000	7.3108751600
0.475340461000000	7.5384212100
0.475347000000000	7.8221110800
0.475353835000000	8.1728911800
0.475375232000000	9.4426842500
0.475382000000000	9.7948240800
0.475388000000000	10.0383646000
0.475393000000000	10.1761820000
0.475400287000000	10.2531366000
0.475404743000000	10.2238097000
0.475409702000000	10.1247027000
0.475415000000000	9.9484045100
0.475420640000000	9.6942401900
0.475428747000000	9.2462748400
0.475443623000000	8.3546174100
0.475450091000000	8.0029393200
0.475456591000000	7.6949136100
0.475461889000000	7.4820693200
0.475467555000000	7.2927768900
0.475473304000000	7.1386666300
0.475480850000000	6.9867998400
0.475489183000000	6.8719544700
0.475495000000000	6.8163157000
0.475508000000000	6.7393431800
0.475526000000000	6.6894908800
0.475570683000000	6.6464849100
0.475716213000000	6.6040350800
0.477647500000000	6.4223082000
0.488653000000000	5.5617495700
0.491172442000000	5.3407014200
0.492498416000000	5.1956375800
0.493559184000000	5.0494676900
0.494222000000000	4.9350415700
0.494885132000000	4.7925161600
0.495335953000000	4.6676799600
0.495813000000000	4.5037638000
0.496210977000000	4.3269983700
0.496503000000000	4.1644570100
0.496764000000000	3.9927707100
0.497298197000000	3.5831060300
0.497381546000000	3.5346137100
0.497472000000000	3.5106698100
0.497520750000000	3.5186124700
0.497563520000000	3.5433265200
0.497603260000000	3.5875124400
0.497643000000000	3.6584363300
0.497669570000000	3.7255112000
0.497696140000000	3.8124264400
0.497722659000000	3.9230470800
0.497749178000000	4.0624731700
0.497769068000000	4.1895502500
0.497788957000000	4.3392263900
0.497808814000000	4.5146986800
0.497828608000000	4.7194365700
0.497848402000000	4.9582616000
0.497865000000000	5.1882624100
0.497880000000000	5.4222201600
0.497895000000000	5.6835635100
0.497910000000000	5.9749313000
0.497925000000000	6.2990109900
0.497940000000000	6.6585091300
0.497955000000000	7.0560811300
0.497970000000000	7.4941666600
0.497984750000000	7.9664452900
0.497999375000000	8.4767630000
0.498014000000000	9.0296227700
0.498032747000000	9.7999756700
0.498051494000000	10.6366411000
0.498070057000000	11.5243323000
0.498151437000000	15.7369301000
0.498175000000000	16.8737293000
0.498194735000000	17.7256336000
0.498211536000000	18.3559278000
0.498231823000000	18.9797774000
0.498247734000000	19.3547100000
0.498263645000000	19.6262288000
0.498280000000000	19.7994107000
0.498301000000000	19.8735421000
0.498321988000000	19.7980102000
0.498345855000000	19.5585395000
0.498369722000000	19.1904876000
0.498401544000000	18.5651212000
0.498534802000000	15.5421702000
0.498584525000000	14.5322959000
0.498624304000000	13.8124017000
0.498664282000000	13.1655926000
0.498707500000000	12.5459060000
0.498757000000000	11.9263814000
0.498810000000000	11.3557435000
0.498863000000000	10.8623368000
0.498925000000000	10.3645103000
0.498987000000000	9.9409258100
0.499044322000000	9.6038574900
0.499128163000000	9.1864259800
0.499207720000000	8.8538414000
0.499353750000000	8.3632467900
0.499473000000000	8.0515304600
0.499579000000000	7.8206437600
0.499791107000000	7.4531430400
0.499955160000000	7.2321680900
0.500129000000000	7.0411252300
0.500383000000000	6.8176604200
0.500636000000000	6.6427868800
0.500890000000000	6.5009655500
0.501170000000000	6.3738185200
0.501735000000000	6.1740471200
0.502412000000000	6.0038670400
0.503238601000000	5.8537516900
0.503899500000000	5.7610304300
0.505360000000000	5.6050580400
0.506951000000000	5.4810654400
0.510929000000000	5.2685259400
0.515172000000000	5.1133683300
0.519926875000000	4.9827903500
0.519963438000000	4.9578887900
0.520033633000000	4.8199909600
0.520067266000000	4.7934467100
0.520134532000000	4.7890322300
0.528251250000000	4.7937238100
0.534318000000000	5.0005411400
0.535736000000000	5.3033937100
0.541884000000000	5.3075684900
0.545668000000000	5.2066427100
0.548978000000000	5.2070826100
0.555554000000000	5.1911425500
0.564337000000000	5.2784404200
0.575284485000000	5.1873134100
0.587173000000000	4.9418490800
0.600000000000000	4.4966426000
0.608252000000000	4.1775212100
0.617034000000000	3.9229732300
0.624061000000000	3.6695521500
0.627574000000000	3.8373800600
0.629331000000000	3.5844583200
0.632844000000000	3.1569693400
0.636357000000000	2.6443061200
0.638113000000000	2.3079696100
0.640991603000000	2.6395304600
0.641029313000000	2.6550748900
0.641054454000000	2.6816047200
0.641079594000000	2.7277174200
0.641104735000000	2.7915363600
0.641280719000000	3.3451749800
0.641318430000000	3.4795315400
0.641347938000000	3.6020444600
0.641398750000000	3.8446815200
0.641551188000000	4.6102471800
0.641585063000000	4.7671446700
0.641618875000000	4.9007459400
0.641669500000000	5.0614389700
0.641872000000000	5.6352497200
0.641956375000000	5.8480248800
0.641990125000000	5.9090828400
0.642022821000000	5.9304812100
0.642057625000000	5.9122356300
0.642412000000000	5.4596586900
0.642818000000000	4.7087364200
0.643054250000000	4.4058921200
0.643088000000000	4.3805458300
0.643124875000000	4.3730006500
0.643327688000000	4.4229601600
0.643364563000000	4.4121429400
0.643393172000000	4.3760836600
0.643474547000000	4.1764351700
0.643505063000000	4.1171184000
0.643545750000000	4.0708050400
0.644034000000000	3.7635504100
0.644574000000000	3.5881263300
0.645140000000000	3.4198695100
0.645926000000000	3.3277442700
0.647547000000000	2.7377007000
0.648653000000000	2.6464456300
0.649574000000000	2.4788379400
0.650655000000000	2.3923077500
0.652166000000000	2.3081657400
0.654694766000000	2.3938781700
0.656600000000000	2.7367791600
0.658222000000000	3.1649147100
0.659192000000000	3.5061098400
0.662705000000000	4.7900880900
0.664462000000000	5.4707003600
0.667975000000000	5.9869193400
0.669732000000000	6.0731047100
0.675001500000000	5.9039995300
0.680271000000000	5.5638687600
0.692567000000000	4.9678985300
0.706620000000000	4.4582708000
0.713646000000000	4.3750764800
0.718998141000000	4.6320268600
0.722291766000000	4.6328462100
0.725942000000000	4.3779216600
0.729455000000000	4.3006472900
0.729949063000000	4.5396603100
0.730007188000000	4.5963046700
0.730326875000000	5.0603920900
0.730385000000000	5.1245672100
0.730435625000000	5.1451746200
0.730520000000000	5.1480350500
0.730655000000000	5.1279289700
0.730722500000000	5.0616231700
0.731161250000000	4.5114690100
0.731216125000000	4.4680631900
0.732547000000000	4.2174466400
0.732952000000000	4.3702906000
0.734438000000000	4.2093913300
0.736735000000000	4.1229871500
0.738492000000000	4.0384185600
0.741751000000000	3.9535743700
0.750534000000000	3.8697029800
0.759317000000000	3.7011756100
0.768100000000000	3.7026814500
0.775126000000000	3.6191393400
0.782125219000000	3.6209637000
0.785666000000000	3.8758926100
0.790935000000000	3.6234770000
0.797962000000000	3.7093477300
0.800150000000000	3.7161731100
0.801746657000000	4.2905900200
0.801797344000000	4.2758995000
0.802532313000000	3.5898101700
0.802583000000000	3.5553672100
0.802709672000000	3.5395941400
0.810690000000000	3.5432777700
0.812311000000000	3.7173899900
0.813913993000000	4.2951234900
0.813958329000000	4.2855451300
0.814692844000000	3.7527580100
0.814768829000000	3.7155088600
0.815554000000000	3.6299938500
0.815668016000000	3.6282517900
0.820342657000000	3.6293826000
0.822851000000000	3.7148965200
0.825283000000000	3.7174862900
0.829337000000000	4.0603814600
0.832580000000000	4.5721755700
0.834201000000000	4.7489932200
0.835822000000000	5.3445039100
0.837444000000000	6.0309305000
0.839369125000000	7.1512641200
0.841498000000000	8.4246281300
0.843119000000000	9.4471422100
0.843930000000000	9.7840575000
0.845526000000000	9.6214830500
0.848794000000000	7.7396340700
0.850416000000000	6.6326362800
0.852037000000000	5.7786031700
0.853658000000000	5.2639840700
0.856901000000000	4.5798614500
0.859334000000000	4.2376851500
0.861766000000000	3.9801280100
0.863387000000000	3.7266340200
0.866630000000000	3.5541552700
0.869062000000000	3.3847937500
0.873116000000000	3.2994374800
0.879602000000000	3.2151231900
0.884466000000000	3.1310375400
0.885479500000000	3.1309467000
0.886999750000000	3.1366455700
0.888520000000000	3.2152801300
0.890141000000000	3.1334932500
0.892573000000000	3.2167641400
0.895106750000000	3.1277020600
0.896627000000000	3.0482532200
0.899726000000000	2.9632338600
0.915332000000000	2.7954703800
0.929520000000000	2.6277360000
0.942288000000000	2.5446354400
0.949382000000000	2.3762270300
0.950221500000000	2.3930405200
0.950326438000000	2.4112900400
0.950982298000000	2.5783287500
0.951034766000000	2.6000285100
0.951077907000000	2.6341599800
0.951128625000000	2.6950551900
0.951263875000000	2.8877447700
0.951314594000000	2.9750509600
0.951348407000000	3.0502508000
0.951399125000000	3.1887771100
0.951568188000000	3.6960769300
0.951627313000000	3.8549797200
0.951753875000000	4.1498609000
0.951855125000000	4.3704648800
0.951905750000000	4.4579234600
0.951956375000000	4.5221417200
0.952007000000000	4.5455180300
0.952040813000000	4.5265963100
0.952074625000000	4.4857142600
0.952226782000000	4.2398847600
0.952277500000000	4.1377593200
0.952328219000000	4.0086093600
0.952497282000000	3.5209104100
0.952548000000000	3.3948839100
0.952598625000000	3.2999204500
0.952818000000000	2.9895495900
0.952919250000000	2.8769057500
0.953054250000000	2.7409170600
0.953104907000000	2.7066207000
0.953155625000000	2.6888242200
0.953629000000000	2.6013863100
0.954169000000000	2.5970261700
0.955057000000000	2.5494316800
0.962239563000000	2.8058724000
0.967826000000000	2.8069060700
0.977048000000000	2.7113060300
0.986270000000000	2.5544297100
0.997620000000000	2.3857214900
1.010390000000000	2.2175750800
1.017480000000000	2.1378515400
1.019665320000000	2.5891997600
1.019739150000000	2.6127413800
1.019768680000000	2.6332886900
1.019798210000000	2.6654261600
1.019842500000000	2.7333128200
1.021171410000000	5.2204958900
1.021215710000000	5.3170658100
1.021245240000000	5.4004415500
1.021283130000000	5.5430228900
1.021329380000000	5.7649757200
1.021560630000000	7.0055374900
1.021630000000000	7.3198109000
1.021677500000000	7.4621725700
1.021938750000000	7.9627617900
1.021992190000000	8.0122308400
1.022027350000000	7.9873026100
1.022062040000000	7.9145351400
1.022356880000000	6.9420364100
1.022426250000000	6.6771368600
1.023050630000000	4.0865593500
1.023085320000000	3.9550555200
1.023120000000000	3.8436289600
1.023154690000000	3.7578435100
1.023212500000000	3.6541137300
1.023813750000000	2.7374754200
1.023860000000000	2.6730584600
1.023952500000000	2.5627971900
1.024183750000000	2.3092127400
1.024230000000000	2.2692357400
1.024273750000000	2.2433200200
1.024580000000000	2.1347623600
1.025350000000000	1.8463869000
1.025650630000000	1.7619980700
1.025720000000000	1.7524018600
1.025772500000000	1.7582824100
1.026035000000000	1.8305610000
1.026087500000000	1.8511466300
1.026140000000000	1.8803276200
1.026770000000000	2.3113518800
1.026822500000000	2.3556481500
1.026863130000000	2.4013415600
1.026932500000000	2.4995795500
1.027117500000000	2.7799375200
1.027163750000000	2.8378512400
1.027204220000000	2.8579769100
1.027244690000000	2.8331899400
1.027279380000000	2.7827674400
1.027533750000000	2.2969062400
1.027580000000000	2.2173431000
1.027626250000000	2.1493889400
1.027857500000000	1.8583892100
1.027915320000000	1.7922475300
1.027950000000000	1.7616399000
1.027991250000000	1.7379623100
1.028060000000000	1.7170631300
1.028830000000000	1.5364907000
1.030205630000000	1.1247659900
1.030272190000000	1.1105513300
1.033090000000000	0.8560070380
1.034196250000000	0.8386831580
1.034270000000000	0.8400454940
1.034365940000000	0.8492950920
1.036428600000000	1.1035831200
1.036476570000000	1.1134431500
1.036512550000000	1.1258742300
1.036572500000000	1.1566658100
1.037340000000000	1.6240608500
1.038760000000000	2.3943591300
1.040180000000000	3.0741371600
1.041700000000000	3.3347246900
1.043020000000000	3.4201182200
1.047985000000000	3.0287730000
1.052950000000000	2.6549932400
1.057210000000000	2.2295950500
1.061460000000000	1.9750061500
1.062436250000000	2.0069348900
1.062480630000000	2.0183256900
1.062513910000000	2.0391664900
1.062547190000000	2.0731704700
1.062591570000000	2.1331720600
1.062813440000000	2.4716348400
1.062880000000000	2.5852283600
1.062949380000000	2.7270193000
1.063250000000000	3.3824634000
1.063342500000000	3.5468048900
1.063539070000000	3.8694641800
1.063573750000000	3.9093222000
1.063596880000000	3.9188693300
1.063620000000000	3.9078906800
1.063643130000000	3.8739614500
1.063666250000000	3.8195275600
1.063700940000000	3.7123096200
1.063943750000000	2.8463745500
1.063990000000000	2.6961123400
1.064036250000000	2.5641481000
1.064267500000000	1.9832073900
1.064313750000000	1.8762805900
1.064336880000000	1.8308406800
1.064360000000000	1.7941332400
1.064381720000000	1.7685267600
1.064414300000000	1.7441437900
1.064446880000000	1.7302715700
1.067096570000000	1.0458832100
1.067162190000000	1.0343940200
1.069980000000000	0.8650635140
1.072770710000000	0.9491646320
1.072815000000000	0.9529515990
1.072903600000000	0.9665159840
1.075650000000000	1.4656649700
1.078490000000000	2.3162074300
1.082750000000000	2.9178280400
1.087000000000000	3.2609082000
1.091260000000000	3.3487651500
1.094100000000000	3.4335409300
1.097822500000000	3.3183150700
1.108990000000000	3.2495373100
1.122840000000000	3.1161570400
1.131150000000000	3.1858670700
1.139460000000000	3.1876564200
1.147770000000000	3.1208317500
1.156080000000000	2.9179463300
1.169930000000000	2.7837230300
1.194860000000000	2.5846819900
1.197630000000000	2.7194014400
1.203170000000000	2.5859359700
1.208363750000000	2.6503550300
1.217020000000000	2.6561710200
1.225330000000000	2.5897294300
1.255800000000000	2.5955486400
1.266880000000000	2.6657906900
1.275125080000000	2.6683059600
1.275228290000000	2.6814479000
1.277563440000000	3.3995886700
1.277620860000000	3.4335346100
1.277665320000000	3.4812890400
1.277715940000000	3.5579221000
1.278450000000000	4.8683170700
1.279362500000000	6.9448077800
1.279593130000000	7.4767071100
1.279644380000000	7.5597917900
1.279677900000000	7.5785648400
1.279717350000000	7.5585218700
1.279796250000000	7.4413812100
1.280869380000000	5.5551579100
1.281626880000000	3.9689907500
1.281674220000000	3.8832249300
1.281715630000000	3.8241471400
1.281792500000000	3.7470438000
1.282510000000000	3.1509531400
1.282860000000000	2.9111628800
1.282910000000000	2.8862319400
1.282986250000000	2.8666457300
1.284130000000000	2.7392404100
1.286203130000000	2.6724247700
1.286270000000000	2.6759213400
1.286367820000000	2.6963271500
1.287688290000000	3.0558624200
1.287761650000000	3.0823487100
1.287835000000000	3.1266591700
1.289400000000000	4.3869479000
1.290108750000000	5.1594914200
1.290210000000000	5.2828588700
1.291020000000000	6.6213719500
1.291120000000000	6.7240500700
1.291370000000000	6.9328587200
1.291451720000000	6.9621453800
1.292688750000000	6.6134357400
1.293450000000000	6.2348760500
1.294670000000000	5.9565869700
1.295880000000000	5.7539622300
1.296070320000000	5.7504029400
1.296260630000000	5.7536980700
1.296387500000000	5.7836378500
1.297910000000000	6.3028663700
1.299130000000000	6.9814661300
1.299940000000000	7.3897177300
1.300750000000000	7.6599716400
1.301357500000000	7.6672521300
1.301560000000000	7.6583252900
1.303157500000000	6.9911961700
1.304400000000000	6.2968071100
1.305610000000000	5.4829868000
1.307230000000000	4.7309324300
1.309260000000000	4.2479864800
1.310880000000000	3.9083283900
1.312500000000000	3.7698780200
1.313970000000000	3.6986973300
1.316150000000000	3.3652509300
1.316757500000000	3.4342503700
1.318504070000000	3.8902041700
1.318561020000000	3.9228631000
1.318605630000000	3.9713162700
1.318656880000000	4.0510181900
1.318913130000000	4.5145172700
1.318964380000000	4.5879714800
1.319008910000000	4.6218871400
1.319037280000000	4.6272473600
1.319103440000000	4.6111025200
1.319670630000000	4.3722075200
1.319765160000000	4.3217609400
1.319821880000000	4.2646384700
1.319897500000000	4.1500599500
1.320124380000000	3.7660132400
1.320181100000000	3.6872255100
1.320231720000000	3.6451215200
1.320295160000000	3.6252912200
1.322230000000000	3.4308428900
1.322407500000000	3.4287122300
1.326490000000000	3.4294375000
1.327910000000000	3.4293330300
1.336130000000000	3.2943723100
1.369370000000000	2.8897287900
1.377680000000000	2.8905103500
1.385990000000000	2.7559509700
1.394300000000000	2.8234112300
1.397070000000000	2.6214960900
1.402610000000000	2.4850141600
1.426150000000000	2.4882562500
1.433080000000000	2.4766040500
1.438598370000000	2.6714602800
1.441325080000000	3.0654151300
1.441390000000000	3.0679045300
1.441498210000000	3.0517119600
1.444095090000000	2.4705508600
1.444203290000000	2.4567317100
1.455240000000000	2.4346709100
1.463800000000000	2.3509699300
1.471860000000000	2.3366377400
1.477400000000000	2.4611944000
1.482940000000000	2.1802494000
1.494020000000000	2.1589269800
1.500000000000000	2.0794372700
1.527400000000000	1.9259078200
1.537740000000000	1.7147214200
1.554960000000000	1.4296984900
1.561779150000000	1.0877445900
1.561860000000000	1.0788682900
1.561940630000000	1.0611806700
1.565165630000000	0.1618197810
1.565205940000000	0.1512949120
1.565226100000000	0.1466731540
1.565246250000000	0.1428743310
1.565259690000000	0.1409784960
1.565273130000000	0.1397187720
1.565286570000000	0.1391845300
1.565300000000000	0.1394348050
1.565313460000000	0.1404930150
1.565326920000000	0.1423384390
1.565340380000000	0.1449111640
1.565360560000000	0.1499293570
1.565380750000000	0.1560161570
1.565407660000000	0.1651754750
1.565474950000000	0.1900203120
1.568664270000000	1.3893428400
1.568745000000000	1.4136755600
1.568825750000000	1.4258062300
1.572190000000000	1.6238439100
1.582530000000000	1.5518841600
1.592870000000000	1.9568528000
1.599760000000000	2.7035767000
1.606650000000000	3.3823611000
1.613540000000000	3.5845459900
1.616990000000000	3.5838559000
1.627320000000000	3.8500966500
1.634210000000000	3.9137038500
1.647777500000000	3.5693113200
1.658330000000000	3.1473141500
1.665220000000000	3.0736118500
1.675560000000000	2.8627476300
1.685895000000000	2.9247261100
1.696230000000000	3.2625215700
1.699680000000000	3.7401976800
1.703130000000000	4.6960807600
1.706570000000000	6.1202416600
1.709966100000000	6.5258176500
1.710073830000000	6.5064601000
1.713465000000000	4.8941437600
1.716910000000000	3.8641878200
1.720350000000000	2.9769797400
1.727240000000000	2.6947712000
1.734140000000000	2.6901573300
1.737580000000000	2.7531169000
1.744470000000000	2.0691452600
1.747866100000000	1.9322285500
1.747973830000000	1.9385824500
1.754810000000000	3.0133118200
1.761700000000000	2.4001976300
1.765150000000000	2.1932223100
1.778930000000000	1.9787332800
1.792710000000000	1.8341670600
1.802991180000000	1.9649046200
1.803098830000000	1.9777148900
1.806490000000000	2.7858531100
1.809940000000000	3.9401349600
1.813353130000000	4.4791090900
1.813433910000000	4.4696003100
1.816830000000000	3.3956459400
1.820280000000000	2.6414590700
1.823720000000000	2.2963600700
1.827170000000000	2.2244287100
1.834060000000000	2.2196798400
1.840950000000000	2.1472693500
1.847732350000000	2.0092002900
1.847840000000000	2.0132210100
1.847947820000000	2.0325978000
1.851236100000000	2.8105180700
1.851316880000000	2.8175446400
1.854730000000000	2.4138009400
1.858180000000000	2.0712008800
1.865070000000000	1.9295354600
1.878850000000000	2.2661190400
1.892630000000000	4.4359186800
1.899525000000000	3.2106988500
1.906420000000000	2.5891775600
1.909860000000000	2.2472006900
1.916750000000000	2.0367365400
1.927090000000000	1.8936091000
1.937430000000000	1.6833541200
1.954650000000000	1.6750176300
1.961435630000000	2.0735792200
1.964969810000000	2.4137675700
1.965070790000000	2.4051385300
1.968382820000000	1.8141216300
1.968503990000000	1.8017640400
1.975330000000000	1.5943225500
1.985660000000000	1.4518573100
1.992560000000000	1.4485333600
1.997606880000000	1.5802475400
2.002060000000000	1.6475641300
2.010809690000000	1.3747701800
2.024020000000000	1.2350473000
2.037468750000000	1.4394329300
2.054760000000000	1.5728520200
2.067930000000000	2.5285970300
2.072320000000000	3.1393360800
2.076710000000000	3.3432481700
2.085495000000000	2.7290181300
2.094280000000000	1.9759387900
2.103060000000000	1.5634706800
2.111840000000000	1.3569927200
2.125020000000000	1.4898549000
2.138190000000000	1.2155065100
2.151370000000000	1.2802404000
2.160150000000000	1.0749192400
2.195280000000000	1.0688997000
2.199601410000000	1.1358519300
2.199670000000000	1.1396203800
2.199807190000000	1.1554787700
2.203957120000000	1.7362037600
2.204060000000000	1.7426715800
2.204163130000000	1.7329647000
2.208356880000000	1.0160464000
2.208425630000000	1.0070984300
2.208494300000000	1.0036191700
2.208597190000000	1.0076369000
2.217240000000000	1.6137813700
2.226020000000000	2.7047551800
2.230410000000000	3.1139433300
2.239200000000000	3.4559444000
2.247980000000000	3.7299617100
2.256760000000000	4.4790369100
2.261150000000000	4.7481134900
2.278750980000000	2.9705687500
2.287500000000000	2.6288349000
2.291890000000000	2.6934213300
2.305070000000000	2.1440715000
2.309460000000000	1.7358321000
2.318240000000000	1.3916631400
2.327030000000000	1.3220756000
2.335810000000000	1.5923251500
2.357770000000000	1.5213806200
2.384007110000000	1.3813329100
2.384110000000000	1.3837761600
2.384247500000000	1.3955353600
2.388441250000000	1.8503488700
2.388561450000000	1.8552907700
2.397290000000000	1.5159932500
2.401680000000000	1.4468841300
2.410465000000000	1.5135827400
2.419250000000000	1.6469965000
2.423571410000000	1.4462978000
2.445590000000000	1.1663337800
2.458770000000000	1.2311891900
2.467550000000000	0.9558505570
2.471837120000000	0.6228501150
2.471940000000000	0.6185457010
2.472017230000000	0.6200194570
2.476264690000000	0.8831751300
2.476470630000000	0.8918047510
2.485120000000000	1.1589470700
2.502680000000000	1.1577993900
2.515860000000000	1.3616403100
2.524640000000000	1.6353022700
2.533420000000000	2.3155174900
2.546600000000000	2.5893262900
2.550990000000000	2.6566582200
2.564715000000000	2.5147999600
2.572950000000000	2.4494221100
2.586120000000000	2.1760111800
2.594857500000000	2.3783663400
2.597770000000000	2.5174555300
2.608910000000000	3.7404943200
2.616401410000000	3.1907413000
2.620060000000000	2.7914710200
2.634920000000000	3.3990654700
2.642360000000000	3.1939748600
2.649790000000000	2.7158976000
2.657220000000000	2.3729983900
2.664650000000000	2.1672189700
2.679510000000000	2.1644562500
2.690660000000000	2.0266326800
2.701810000000000	1.8200981300
2.716670000000000	1.4088647900
2.746400000000000	1.1322022200
2.757550000000000	1.2664441300
2.772410000000000	1.0613441600
2.790991250000000	1.3333679700
2.802140000000000	1.8795823800
2.809570000000000	2.4927409700
2.813280000000000	2.7019293800
2.817000000000000	3.3093572700
2.820710000000000	3.3782628900
2.828145000000000	2.6293378700
2.835580000000000	1.9458869900
2.839290000000000	1.8727733200
2.846730000000000	1.2602298300
2.854160000000000	1.1213245300
2.872740000000000	1.1869386900
2.887600000000000	1.1176296100
2.898750000000000	1.1841338800
2.906180000000000	1.1177865500
2.906354220000000	1.1266933400
2.913584300000000	1.5929789500
2.917297340000000	1.9946058900
2.917373520000000	1.9904493300
2.917504070000000	1.9684099700
2.920898290000000	1.2798162900
2.921028840000000	1.2582221400
2.921115870000000	1.2515218000
2.928470000000000	1.1817777000
2.939620000000000	1.1121989400
2.969350000000000	0.9737194290
2.976607820000000	1.2390287000
2.987930000000000	1.5189699200
2.991640000000000	1.7199245400
2.999070000000000	1.4502633900
3.013940000000000	1.7233630500
3.021370000000000	2.0635194700
3.032520000000000	2.1357090800
3.043660000000000	2.9498316600
3.051208130000000	2.3334312300
3.062240000000000	1.7248205100
3.077110000000000	1.3826404800
3.091970000000000	1.3138107200
3.133160000000000	0.8870508810
3.187104440000000	0.2738498350
3.187210000000000	0.2732587000
3.187421100000000	0.2745774530
3.214230000000000	0.5293056460
3.241260000000000	0.4279881360
3.295095550000000	0.6844014900
3.295728910000000	0.6902054110
3.322330000000000	0.9956933000
3.335840000000000	1.8628372000
3.349350000000000	1.2536056700
3.362870000000000	1.6602110100
3.389467820000000	1.2077081100
3.403400000000000	0.9446835570
3.416920000000000	0.8939856880
3.457450000000000	1.7656768400
3.470960000000000	1.8172797200
3.511497500000000	1.3057120200
3.525010000000000	1.2037906200
3.538525000000000	1.3080084000
3.552040000000000	2.0217618900
3.565550000000000	1.4617405300
3.579060000000000	1.2044425200
3.592570000000000	0.8466266100
3.606080000000000	0.7953965700
3.633110000000000	1.1027767000
3.646620000000000	1.0019594500
3.673650000000000	1.4111512500
3.700670000000000	0.9001987900
3.727690000000000	0.6443629500
3.768227500000000	0.7483396610
3.781740000000000	1.1052539200
3.808765000000000	0.4924749130
3.835790000000000	0.2874517550
3.836156720000000	0.2871829130
3.848350120000000	0.2876881150
3.848441800000000	0.2886837360
3.848579320000000	0.2924859900
3.859122490000000	0.6936067220
3.859214170000000	0.7005091210
3.859287820000000	0.7108427390
3.859371250000000	0.7282137470
3.862708750000000	1.5922740900
3.862820000000000	1.6154103300
3.862933290000000	1.6300071100
3.870070000000000	2.1816347100
3.870301690000000	2.1725995400
3.876865940000000	1.7700889200
3.889685550000000	0.3061859670
3.889762780000000	0.2982164250
3.889840000000000	0.2920392530
3.889919170000000	0.2882492980
3.890051100000000	0.2854490300
3.903244460000000	0.1015305300
3.903350000000000	0.1003763710
3.903508330000000	0.0994305030
3.916701690000000	0.0506162330
3.916780850000000	0.0504798070
3.916833620000000	0.0505666290
3.916886400000000	0.0508640340
3.916965590000000	0.0516888180
3.936287820000000	0.3401919640
3.943731630000000	0.3410562640
3.943810820000000	0.3421591080
3.943863610000000	0.3441364770
3.943936100000000	0.3492578100
3.944074380000000	0.3650093250
3.949697820000000	1.0977992500
3.949790000000000	1.1064152200
3.949908910000000	1.1118347900
3.957400000000000	1.2126894400
3.984420000000000	0.9578636180
3.993030000000000	0.9574523360
4.024960000000000	0.7537457710
4.051980000000000	0.8570682890
4.106030000000000	1.3717815300
4.146570000000000	1.8330433600
4.160080000000000	1.3734439900
4.173590000000000	0.9642137290
4.200620000000000	0.9142635070
4.214130000000000	1.4771899700
4.227640000000000	1.9362329500
4.241100550000000	1.1741228900
4.241258910000000	1.1702369600
4.268180000000000	1.0681579100
4.295200000000000	0.7620055060
4.322121100000000	0.9647682120
4.322437820000000	0.9717652380
4.335740000000000	1.3763029000
4.349250000000000	2.0921845300
4.376280000000000	2.7570629900
4.403396880000000	1.8843958000
4.430320000000000	1.4701145200
4.443840000000000	1.1079250500
4.457350000000000	0.9504323880
4.484370000000000	1.3497654300
4.497880000000000	0.7852168150
4.498196720000000	0.7835213540
4.538420000000000	0.7784505200
4.591622190000000	1.0243780000
4.619490000000000	1.1793795400
4.646520000000000	1.5849493400
4.673592780000000	1.0697217400
4.687050000000000	0.9662848420
4.713971100000000	1.1670843000
4.727590000000000	1.5234794700
4.754615000000000	0.9581932620
4.781640000000000	0.7508541060
4.808660000000000	1.5655557100
4.835690000000000	1.2582399700
4.862710000000000	2.2763641300
4.889740000000000	1.2511131700
4.916760000000000	0.9393956160
4.957300000000000	0.8320513840
5.096570000000000	1.3843459700
5.167510000000000	0.8674139190
5.195880000000000	1.0690096300
5.224145160000000	0.5060801780
5.224422270000000	0.5027334030
5.266716090000000	0.2450500320
5.266820000000000	0.2455194050
5.266930860000000	0.2473791520
5.295200000000000	1.0101094900
5.323570000000000	0.6002768200
5.380320000000000	0.9542738230
5.408700000000000	0.8509798490
5.437070000000000	1.3079419200
5.451260000000000	0.8484796170
5.493830000000000	0.6876656470
5.550521250000000	0.7345345700
5.578950000000000	1.0908108700
5.649890000000000	0.7272317860
5.720830000000000	0.7732279270
5.777580000000000	1.4338123600
5.805955000000000	0.7156342680
5.834330000000000	0.4568613800
5.891080000000000	1.0153686800
5.933640000000000	0.7558276120
5.947830000000000	0.5503212650
5.990400000000000	0.3927079890
6.061330000000000	0.2862737560
6.099848950000000	0.1006872660
6.100000000000000	0.0996324330
6.100182820000000	0.0976340640
6.103717190000000	0.0523818740
6.103839070000000	0.0510822550
6.103924250000000	0.0505062920
6.104069730000000	0.0502205310
6.153555000000000	0.0999798570
6.203210000000000	0.1245036210
6.274150000000000	0.4275954100
6.300753130000000	0.3301617290
6.359113740000000	0.1087062580
6.359280000000000	0.1084153730
6.359501680000000	0.1089758120
6.430217500000000	0.4038275590
6.472780000000000	0.9596565690
6.557900000000000	0.5929674230
6.628701450000000	0.0768239980
6.628840000000000	0.0760612210
6.629017660000000	0.0755815090
6.643822350000000	0.0581581580
6.643940790000000	0.0582909050
6.644000000000000	0.0585410620
6.644108950000000	0.0593888540
6.644326850000000	0.0618906760
6.699780000000000	0.7379835680
6.742350000000000	0.5341027960
6.756000000000000	0.5004986070
6.784957820000000	0.9462073340
6.799100000000000	1.2522751500
6.808000000000000	1.3036328000
6.845008990000000	1.1668326000
6.855850000000000	0.9466149980
6.912000000000000	0.8071741560
6.940970000000000	0.5825981360
7.000000000000000	0.4610531520
7.038000000000000	0.3855461740
7.099285400000000	0.4164179690
7.186010000000000	0.6610640070
7.216000000000000	0.7144068570
7.272490000000000	0.5298420250
7.315730000000000	0.8040358380
7.349957780000000	0.7485522110
7.373000000000000	0.5230036180
7.418000000000000	0.3278027070
7.447882820000000	0.1712930870
7.448000000000000	0.1711495790
7.448206140000000	0.1720053970
7.510252120000000	0.6061287830
7.553540000000000	0.7416476400
7.575160000000000	0.5712671980
7.618400000000000	0.8424188240
7.683260000000000	0.4983463190
7.704711100000000	0.2601649530
7.705042230000000	0.2584849580
7.777557500000000	0.3429814080
7.871000000000000	0.4389093070
7.942690000000000	0.4183248840
8.042000000000000	0.4960988720
8.093000000000000	0.4752816790
8.158880000000000	0.4378762410
8.223486650000000	0.6416939330
8.266980000000000	0.9495831560
8.310473370000000	0.8457959210
8.375080000000000	0.5048887430
8.418320000000000	0.6064877430
8.504790000000000	0.4009179950
8.634510000000000	0.5697406720
8.720990000000000	0.5000807700
8.829090000000000	0.2593384420
8.937180000000000	0.4626473820
9.005660000000000	0.3537357460
9.045280000000000	0.2923110500
9.175000000000000	0.5007319690
9.283090000000000	0.2645553810
9.391021100000000	0.3697516680
9.477670000000000	0.5426815050
9.509873720000000	0.2878083720
9.510000000000000	0.2874756830
9.510254150000000	0.2886066660
9.542530000000000	0.5426042030
9.573000000000000	0.5762257190
9.650620000000000	0.3016486210
9.753000000000000	0.4019587290
10.000000000000000	0.4097907100
10.240000000000000	0.4242730660
10.350000000000000	0.3479979640
10.420500000000000	0.3578585550
10.540000000000000	0.3717708630
10.670000000000000	0.3565589760
10.750000000000000	0.4194167530
10.890000000000000	0.3914093840
11.100000000000000	0.4121864020
11.270000000000000	0.5232432820
11.487500000000000	0.4122822490
11.560000000000000	0.3766809700
11.700000000000000	0.5668338800
11.810000000000000	0.3984795770
11.930000000000000	0.4200770770
12.050000000000000	0.4333214320
12.100000000000000	0.4719916490
12.205000000000000	0.4033794980
12.240000000000000	0.3782368190
12.370000000000000	0.4060381080
12.400000000000000	0.4079526540
12.460000000000000	0.4196335280
12.591250000000000	0.3885540000
12.670000000000000	0.3769010770
12.810000000000000	0.4674068750
12.940000000000000	0.3932755570
13.000000000000000	0.3756291120
13.060000000000000	0.3518793380
13.200000000000000	0.3491347760
13.268750000000000	0.3526500000
13.400000000000000	0.4106897540
13.550000000000000	0.4923924850
13.770000000000000	0.4438711930
13.805625000000000	0.4601338680
13.960000000000000	0.5182699470
14.160000000000000	0.5536518040
14.400000000000000	0.5756060580
14.500000000000000	0.5867918640
14.800000000000000	0.5992071520
15.000000000000000	0.5918917990
15.500000000000000	0.5999405230
17.000000000000000	0.6168984760
17.225800000000000	0.6239826340
17.500000000000000	0.6206430220
18.000000000000000	0.6275326490
20.000000000000000	0.6458202880
