0.000000000010000	2.5294823600
0.000000000010300	2.4923851300
0.000000000010609	2.4558433600
0.000000000010927	2.4198206100
0.000000000011254	2.3843481600
0.000000000011592	2.3493756800
0.000000000011940	2.3149343400
0.000000000012298	2.2809799800
0.000000000012666	2.2475413200
0.000000000013046	2.2145711600
0.000000000013437	2.1821102700
0.000000000013840	2.1501012100
0.000000000014255	2.1185840600
0.000000000014683	2.0875106200
0.000000000015123	2.0569072400
0.000000000015577	2.0267338200
0.000000000016043	1.9970259800
0.000000000016525	1.9677330400
0.000000000017020	1.9388880000
0.000000000017530	1.9104502900
0.000000000018056	1.8824425500
0.000000000018598	1.8548311100
0.000000000019155	1.8276403500
0.000000000019730	1.8008337300
0.000000000020321	1.7744335700
0.000000000020931	1.7484042500
0.000000000021558	1.7227757600
0.000000000022205	1.6975053700
0.000000000022870	1.6726218300
0.000000000023556	1.6480863400
0.000000000024262	1.6239279900
0.000000000024990	1.6001083700
0.000000000025739	1.5766517400
0.000000000026511	1.5535262700
0.000000000027306	1.5307518200
0.000000000028125	1.5082999100
0.000000000028968	1.4861881400
0.000000000029837	1.4643883400
0.000000000030731	1.4429218100
0.000000000031653	1.4217577000
0.000000000032602	1.4009150700
0.000000000033580	1.3803669200
0.000000000034586	1.3601312300
0.000000000035624	1.3401807100
0.000000000036691	1.3205347100
0.000000000037792	1.3011647600
0.000000000038925	1.2820909300
0.000000000040092	1.2632845100
0.000000000041294	1.2447663400
0.000000000042533	1.2265074200
0.000000000043808	1.2085283500
0.000000000045122	1.1908016000
0.000000000046474	1.1733453300
0.000000000047868	1.1561350300
0.000000000049303	1.1391865800
0.000000000050782	1.1224774100
0.000000000052304	1.1060222600
0.000000000053873	1.0897991800
0.000000000055488	1.0738234200
0.000000000057152	1.0580728200
0.000000000058865	1.0425619800
0.000000000060631	1.0272692500
0.000000000062448	1.0122106200
0.000000000064322	0.9973637370
0.000000000066250	0.9827428580
0.000000000068237	0.9683276420
0.000000000070282	0.9541329720
0.000000000072390	0.9401376980
0.000000000074560	0.9263559840
0.000000000076797	0.9127679380
0.000000000079099	0.8993876480
0.000000000081471	0.8861956200
0.000000000083913	0.8732044220
0.000000000086430	0.8603960230
0.000000000089021	0.8477834500
0.000000000091691	0.8353482950
0.000000000094440	0.8231025390
0.000000000097273	0.8110294360
0.000000000100188	0.7991401470
0.000000000103193	0.7874201730
0.000000000106287	0.7758753540
0.000000000109475	0.7644941720
0.000000000112756	0.7532878530
0.000000000116139	0.7422370260
0.000000000119620	0.7313579250
0.000000000123208	0.7206297750
0.000000000126901	0.7100664280
0.000000000130707	0.6996522460
0.000000000134626	0.6893947740
0.000000000138664	0.6792815110
0.000000000142820	0.6693249200
0.000000000147104	0.6595070090
0.000000000151513	0.6498393450
0.000000000156058	0.6403075720
0.000000000160736	0.6309210390
0.000000000165557	0.6216670980
0.000000000170520	0.6125534890
0.000000000175635	0.6035678860
0.000000000180899	0.5947206590
0.000000000186325	0.5859979430
0.000000000191911	0.5774069840
0.000000000197667	0.5689375140
0.000000000203592	0.5605973500
0.000000000209699	0.5523743160
0.000000000215985	0.5442770820
0.000000000222463	0.5362937820
0.000000000229132	0.5284319350
0.000000000236004	0.5206812940
0.000000000243079	0.5130480760
0.000000000250370	0.5055225260
0.000000000257875	0.4981120760
0.000000000265610	0.4908055290
0.000000000273572	0.4836108970
0.000000000281777	0.4765175360
0.000000000290224	0.4695318810
0.000000000298929	0.4626447450
0.000000000307890	0.4558627370
0.000000000317125	0.4491758700
0.000000000326631	0.4425915330
0.000000000336428	0.4360995020
0.000000000346513	0.4297066840
0.000000000356906	0.4234037820
0.000000000367605	0.4171969420
0.000000000378631	0.4110773740
0.000000000389981	0.4050513880
0.000000000401678	0.3991100240
0.000000000413719	0.3932594180
0.000000000426128	0.3874910020
0.000000000438901	0.3818107390
0.000000000452066	0.3762103470
0.000000000465617	0.3706953580
0.000000000479583	0.3652580270
0.000000000493959	0.3599035700
0.000000000508775	0.3546245340
0.000000000524026	0.3494259570
0.000000000539744	0.3443005750
0.000000000555923	0.3392533700
0.000000000572598	0.3342771930
0.000000000589762	0.3293769310
0.000000000607452	0.3245455640
0.000000000625661	0.3197880180
0.000000000644427	0.3150973830
0.000000000663744	0.3104782590
0.000000000683653	0.3059241760
0.000000000704146	0.3014395290
0.000000000725267	0.2970179540
0.000000000747007	0.2926639370
0.000000000769413	0.2883712110
0.000000000792477	0.2841438220
0.000000000816247	0.2799760370
0.000000000840715	0.2758717470
0.000000000865932	0.2718252320
0.000000000891889	0.2678404920
0.000000000918641	0.2639117640
0.000000000946178	0.2600430440
0.000000000974558	0.2562287260
0.000000001003771	0.2524725980
0.000000001033879	0.2487693130
0.000000001064871	0.2451225460
0.000000001096811	0.2415270440
0.000000001129689	0.2379864690
0.000000001163573	0.2344956800
0.000000001198452	0.2310581400
0.000000001234399	0.2276689920
0.000000001271402	0.2243315110
0.000000001309537	0.2210409700
0.000000001348791	0.2178007090
0.000000001389247	0.2146060360
0.000000001430892	0.2114600350
0.000000001473810	0.2083583540
0.000000001517989	0.2053039510
0.000000001563521	0.2022925120
0.000000001610389	0.1993270840
0.000000001658691	0.1964033650
0.000000001708412	0.1935242190
0.000000001759655	0.1906856030
0.000000001812403	0.1878902880
0.000000001866765	0.1851342820
0.000000001922723	0.1824203730
0.000000001980394	0.1797446080
0.000000002039758	0.1771097000
0.000000002100939	0.1745118620
0.000000002163917	0.1719536330
0.000000002228823	0.1694313940
0.000000002295634	0.1669476710
0.000000002364490	0.1644988750
0.000000002435368	0.1620874440
0.000000002508415	0.1597099520
0.000000002583608	0.1573687090
0.000000002661102	0.1550604060
0.000000002740871	0.1527873470
0.000000002823082	0.1505462470
0.000000002907706	0.1483393600
0.000000002994921	0.1461635200
0.000000003084697	0.1440208630
0.000000003177221	0.1419083560
0.000000003272461	0.1398280880
0.000000003370617	0.1377770810
0.000000003471655	0.1357573740
0.000000003575785	0.1337660750
0.000000003682973	0.1318051670
0.000000003793441	0.1298718480
0.000000003907154	0.1279680180
0.000000004024346	0.1260909830
0.000000004144980	0.1242425780
0.000000004269306	0.1224201890
0.000000004397283	0.1206255940
0.000000004529177	0.1188562560
0.000000004664944	0.1171139080
0.000000004804866	0.1153960790
0.000000004948897	0.1137044560
0.000000005097336	0.1120366370
0.000000005250134	0.1103942600
0.000000005407609	0.1087749910
0.000000005569708	0.1071804320
0.000000005736768	0.1056083020
0.000000005908733	0.1040601660
0.000000006085962	0.1025338080
0.000000006268395	0.1010307370
0.000000006456412	0.0995488130
0.000000006649949	0.0980895030
0.000000006849411	0.0966507200
0.000000007054729	0.0952338940
0.000000007266331	0.0938370020
0.000000007484147	0.0924614190
0.000000007708630	0.0911051900
0.000000007939704	0.0897696570
0.000000008177850	0.0884529150
0.000000008422990	0.0871562580
0.000000008675632	0.0858778500
0.000000008935694	0.0846189420
0.000000009203714	0.0833777500
0.000000009479605	0.0821554930
0.000000009763940	0.0809504340
0.000000010056625	0.0797637600
0.000000010358267	0.0785937820
0.000000010668767	0.0774416560
0.000000010988770	0.0763057390
0.000000011318170	0.0751871530
0.000000011657652	0.0740843040
0.000000012007102	0.0729982840
0.000000012367248	0.0719275430
0.000000012737969	0.0708731390
0.000000013120036	0.0698335700
0.000000013513323	0.0688098610
0.000000013918647	0.0678005560
0.000000014335873	0.0668066500
0.000000014765869	0.0658267280
0.000000015208491	0.0648617570
0.000000015664661	0.0639103630
0.000000016134225	0.0629734850
0.000000016618162	0.0620497880
0.000000017116308	0.0611401850
0.000000017629702	0.0602433790
0.000000018158171	0.0593602580
0.000000018702814	0.0584895600
0.000000019263450	0.0576321480
0.000000019841246	0.0567868000
0.000000020436008	0.0559543500
0.000000021048973	0.0551336130
0.000000021679938	0.0543253990
0.000000022330215	0.0535285570
0.000000022999587	0.0527438730
0.000000023689445	0.0519702320
0.000000024399561	0.0512083950
0.000000025268741	0.0503199820
0.000000025300000	0.0502888870
0.000000026058858	0.0495512600
0.000000026840000	0.0488248910
0.000000027645049	0.0481087440
0.000000028473738	0.0474035270
0.000000029327791	0.0467082360
0.000000030206922	0.0460235570
0.000000031112960	0.0453485170
0.000000032045604	0.0446837790
0.000000033006792	0.0440284000
0.000000033996206	0.0433830250
0.000000035015901	0.0427467350
0.000000036065539	0.0421201580
0.000000037147303	0.0415024000
0.000000038260833	0.0408940710
0.000000039408443	0.0402943030
0.000000040589752	0.0397036870
0.000000041807217	0.0391213790
0.000000043060432	0.0385479540
0.000000044352004	0.0379825940
0.000000045681502	0.0374258530
0.000000047051690	0.0368769400
0.000000048462114	0.0363363930
0.000000049915706	0.0358034430
0.000000051411981	0.0352786160
0.000000052954052	0.0347611640
0.000000054541406	0.0342516000
0.000000056177342	0.0337491990
0.000000057861316	0.0332544580
0.000000059596832	0.0327666770
0.000000061383309	0.0322863370
0.000000063224464	0.0318127570
0.000000065119683	0.0313464090
0.000000067072909	0.0308866270
0.000000069083489	0.0304338680
0.000000071155607	0.0299875340
0.000000073288570	0.0295479700
0.000000075486817	0.0291145960
0.000000077749613	0.0286878380
0.000000080081665	0.0282670860
0.000000082482197	0.0278527500
0.000000084956200	0.0274442400
0.000000087502851	0.0270419550
0.000000090127446	0.0266453200
0.000000092829111	0.0262547260
0.000000095613464	0.0258696170
0.000000098479577	0.0254903730
0.000000101433412	0.0251164570
0.000000104473985	0.0247482370
0.000000107607619	0.0243851940
0.000000110833270	0.0240276870
0.000000114157646	0.0236752090
0.000000117579641	0.0233281100
0.000000121106371	0.0229858980
0.000000124736661	0.0226489120
0.000000128478062	0.0223166730
0.000000132329326	0.0219895120
0.000000136298464	0.0216669650
0.000000140384153	0.0213493520
0.000000144594890	0.0210362200
0.000000148929273	0.0207278800
0.000000153396316	0.0204238900
0.000000157994531	0.0201245460
0.000000162733481	0.0198294160
0.000000167611588	0.0195387860
0.000000172638996	0.0192522360
0.000000177814030	0.0189700440
0.000000183147454	0.0186918070
0.000000188637490	0.0184177990
0.000000194295557	0.0181476320
0.000000200119770	0.0178815770
0.000000206122241	0.0176192600
0.000000212300971	0.0173609410
0.000000218668809	0.0171062560
0.000000225223636	0.0168554580
0.000000231979082	0.0166081910
0.000000238932897	0.0163646980
0.000000246099545	0.0161246330
0.000000253476636	0.0158882350
0.000000261079514	0.0156551660
0.000000268905645	0.0154256600
0.000000276971307	0.0151993920
0.000000285273811	0.0149765890
0.000000293830426	0.0147569390
0.000000302638301	0.0145406590
0.000000311715753	0.0143274390
0.000000321059758	0.0141174810
0.000000330689751	0.0139104740
0.000000340602522	0.0137066110
0.000000350818688	0.0135055930
0.000000361334845	0.0133076200
0.000000372172865	0.0131124130
0.000000383329135	0.0129201730
0.000000394826860	0.0127306320
0.000000406662208	0.0125439820
0.000000418859794	0.0123599590
0.000000431415555	0.0121787460
0.000000444355602	0.0120000840
0.000000457675626	0.0118241500
0.000000471403329	0.0116506930
0.000000485534136	0.0114798850
0.000000500097438	0.0113114810
0.000000515088382	0.0111456480
0.000000530538145	0.0109821490
0.000000546441581	0.0108211480
0.000000562831765	0.0106624180
0.000000579703235	0.0105061210
0.000000597091082	0.0103520430
0.000000614989512	0.0102003440
0.000000633435749	0.0100508020
0.000000652423648	0.0099035460
0.000000671992699	0.0097583420
0.000000692136383	0.0096153220
0.000000712896594	0.0094742840
0.000000734266415	0.0093353820
0.000000756290290	0.0091984290
0.000000778960882	0.0090635660
0.000000802325342	0.0089306010
0.000000826375882	0.0087996670
0.000000851162526	0.0086705760
0.000000876677012	0.0085434570
0.000000902972407	0.0084181270
0.000000930039949	0.0082947110
0.000000957935933	0.0081730330
0.000000986651065	0.0080532120
0.000001011955890	0.0079518780
0.000001040509740	0.0078420050
0.000001069869290	0.0077336560
0.000001100057250	0.0076268220
0.000001131097020	0.0075215000
0.000001163012620	0.0074176700
0.000001195828760	0.0073152810
0.000001229570870	0.0072142720
0.000001264265050	0.0071146120
0.000001299938190	0.0070163030
0.000001336617890	0.0069193440
0.000001374332570	0.0068237240
0.000001413111430	0.0067294270
0.000001452984480	0.0066364340
0.000001515060100	0.0064990360
0.000001579482010	0.0063651020
0.000001646961960	0.0062333260
0.000001716992470	0.0061048730
0.000001790347250	0.0059785130
0.000001866474650	0.0058554630
0.000001946215740	0.0057344770
0.000002028970830	0.0056163700
0.000002115654210	0.0055000770
0.000002205613990	0.0053867100
0.000002299844080	0.0052751720
0.000002397635800	0.0051664480
0.000002500069600	0.0050594780
0.000002606375120	0.0049552050
0.000002717726860	0.0048526140
0.000002833287380	0.0047526100
0.000002954333460	0.0046542440
0.000003079954740	0.0045586020
0.000003256217990	0.0044337630
0.000003442568650	0.0043120370
0.000003639584000	0.0041936550
0.000003847874370	0.0040785300
0.000004068085030	0.0039665700
0.000004300898170	0.0038576910
0.000004611185710	0.0037256310
0.000004942902040	0.0035992820
0.000005299506840	0.0034759700
0.000005680739150	0.0033571870
0.000006090575080	0.0032421400
0.000006528714720	0.0031314050
0.000007097107740	0.0030033620
0.000007609127330	0.0029012570
0.000008271581590	0.0027825820
0.000008991709440	0.0026688210
0.000009774531960	0.0025598110
0.000010773329200	0.0024380430
0.000011876485800	0.0023221270
0.000013090068300	0.0022117400
0.000015256294800	0.0020493620
0.000016815238500	0.0019522340
0.000018279181200	0.0018723950
0.000019870575400	0.0017957670
0.000021905262700	0.0017100240
0.000024143622100	0.0016289620
0.000026615856600	0.0015515440
0.000030163308500	0.0014576190
0.000033251940800	0.0013885460
0.000036146870600	0.0013318590
0.000039293834400	0.0012775080
0.000042714774400	0.0012252170
0.000047079525500	0.0011670700
0.000051900327600	0.0011114810
0.000060477411700	0.0010300200
0.000066670117100	0.0009812800
0.000072474449400	0.0009412590
0.000078784109600	0.0009028760
0.000085643091800	0.0008659430
0.000094394414400	0.0008249550
0.000104060119000	0.0007857230
0.000121257167000	0.0007282870
0.000131813873000	0.0006985780
0.000143289652000	0.0006701920
0.000155764518000	0.0006430010
0.000169325451000	0.0006168640
0.000186521587000	0.0005878010
0.000205581041000	0.0005600530
0.000223479025000	0.0005376550
0.000242935216000	0.0005157200
0.000264085272000	0.0004947810
0.000287076662000	0.0004747760
0.000312069693000	0.0004556150
0.000339238630000	0.0004371990
0.000373016049000	0.0004171140
0.000411132186000	0.0003975690
0.000440793245000	0.0003842970
0.000485835102000	0.0003663660
0.000529223490000	0.0003512960
0.000573323309000	0.0003377920
0.000626012705000	0.0003236320
0.000680188811000	0.0003107830
0.000749722587000	0.0002963840
0.000826265072000	0.0002826950
0.000970221684000	0.0002617190
0.001054689650000	0.0002514200
0.001146511430000	0.0002416020
0.001251999400000	0.0002317250
0.001360351250000	0.0002227880
0.001491982820000	0.0002132780
0.001644439050000	0.0002037920
0.001787604700000	0.0001961710
0.001940417720000	0.0001888550
0.002109351410000	0.0001817870
0.002292992550000	0.0001750750
0.002503972780000	0.0001683540
0.002720676090000	0.0001623030
0.003025450990000	0.0001550000
0.003528011200000	0.0001452960
0.003880809750000	0.0001397430
0.004277365010000	0.0001344660
0.004649754450000	0.0001302180
0.005007919520000	0.0001266670
0.005441325790000	0.0001229470
0.005997601060000	0.0001189250
0.007055996730000	0.0001130910
0.007761593840000	0.0001101610
0.008554701730000	0.0001075910
0.009300399660000	0.0001057140
0.010015813000000	0.0001043300
0.010882625100000	0.0001031150
0.011995176500000	0.0001021790
0.013219861700000	0.0001018250
0.015523162100000	0.0001028240
0.016934356300000	0.0001042860
0.018345550500000	0.0001063410
0.019756744700000	0.0001089560
0.021167938900000	0.0001121150
0.022579133100000	0.0001158160
0.023990327400000	0.0001200660
0.025363273900000	0.0001247420
0.026812715800000	0.0001302960
0.028179150100000	0.0001360920
0.030614383000000	0.0001480710
0.032005944700000	0.0001559440
0.033397506400000	0.0001646450
0.034789068100000	0.0001742600
0.036180629800000	0.0001848910
0.037572191500000	0.0001966630
0.038963753200000	0.0002097310
0.040355314900000	0.0002242970
0.041398986200000	0.0002364520
0.042442657500000	0.0002497310
0.043138438300000	0.0002595710
0.044182109600000	0.0002769070
0.044621000000000	0.0002863450
0.044894000000000	0.0002937000
0.045121500000000	0.0003017910
0.045258000000000	0.0003080800
0.045349000000000	0.0003133190
0.045476400000000	0.0003227520
0.045549200000000	0.0003298620
0.045612900000000	0.0003375900
0.045713000000000	0.0003540960
0.045767600000000	0.0003665590
0.045808004000000	0.0003781330
0.045848408000000	0.0003924440
0.045879530000000	0.0004058970
0.045900278000000	0.0004164540
0.045931400000000	0.0004353090
0.045950714800000	0.0004491130
0.045970029500000	0.0004651130
0.045989344300000	0.0004836650
0.046008659000000	0.0005054780
0.046027291300000	0.0005302880
0.046041265500000	0.0005519210
0.046055239700000	0.0005766500
0.046069213900000	0.0006051000
0.046083188000000	0.0006381860
0.046092424500000	0.0006630930
0.046101661000000	0.0006908370
0.046110897500000	0.0007218700
0.046120134000000	0.0007567540
0.046129370500000	0.0007961500
0.046138607000000	0.0008408210
0.046147843500000	0.0008917770
0.046154770900000	0.0009348870
0.046162995000000	0.0009924770
0.046168910000000	0.0010388600
0.046174825000000	0.0010900310
0.046180740000000	0.0011467020
0.046186655000000	0.0012097450
0.046192570000000	0.0012801860
0.046198485000000	0.0013592280
0.046204400000000	0.0014483110
0.046208495000000	0.0015167800
0.046212590000000	0.0015915990
0.046216685000000	0.0016735810
0.046220780000000	0.0017636740
0.046224875000000	0.0018629870
0.046228970000000	0.0019728320
0.046233065000000	0.0020947680
0.046237160000000	0.0022306590
0.046241596300000	0.0023962390
0.046244553800000	0.0025188800
0.046247511300000	0.0026527360
0.046250468800000	0.0027992340
0.046253426300000	0.0029600380
0.046256383800000	0.0031371050
0.046259341300000	0.0033327430
0.046261957500000	0.0035234700
0.046264232500000	0.0037046070
0.046266507500000	0.0039017530
0.046268782500000	0.0041168910
0.046271057500000	0.0043523280
0.046273332500000	0.0046107580
0.046275607500000	0.0048953510
0.046277882500000	0.0052098590
0.046279930000000	0.0055221710
0.046281750000000	0.0058262740
0.046283570000000	0.0061586280
0.046285390000000	0.0065229870
0.046287210000000	0.0069237890
0.046289030000000	0.0073663190
0.046290850000000	0.0078569450
0.046292670000000	0.0084034330
0.046294262500000	0.0089349520
0.046295627500000	0.0094364640
0.046296992500000	0.0099869080
0.046298357500000	0.0105940270
0.046299722500000	0.0112676480
0.046301087500000	0.0120205530
0.046302111300000	0.0126473370
0.046303135000000	0.0133374880
0.046304158800000	0.0141031230
0.046305068800000	0.0148593710
0.046305921900000	0.0156457940
0.046306775000000	0.0165218570
0.046307628200000	0.0175057360
0.046308481300000	0.0186198480
0.046309050000000	0.0194486920
0.046309618800000	0.0203582030
0.046310187500000	0.0213597900
0.046310756300000	0.0224673950
0.046311325000000	0.0236963410
0.046311893800000	0.0250652020
0.046312462500000	0.0265943780
0.046313031300000	0.0283084020
0.046313600000000	0.0302341510
0.046314055000000	0.0319485010
0.046314510000000	0.0338366220
0.046314965000000	0.0359185040
0.046315420000000	0.0382162310
0.046315875000000	0.0407541440
0.046316330000000	0.0435590080
0.046316785000000	0.0466601780
0.046317240000000	0.0500897720
0.046317695000000	0.0538828320
0.046318150000000	0.0580774920
0.046318605000000	0.0627151280
0.046319060000000	0.0678405020
0.046319515000000	0.0735018950
0.046319856300000	0.0781314960
0.046320197500000	0.0831135960
0.046320538800000	0.0884755840
0.046320880000000	0.0942399860
0.046321221300000	0.1004370690
0.046321562500000	0.1070912880
0.046321903800000	0.1142358450
0.046322245000000	0.1218970310
0.046322586300000	0.1301109850
0.046322927500000	0.1389056630
0.046323268800000	0.1483200840
0.046323610000000	0.1583836180
0.046323951300000	0.1691380320
0.046324292500000	0.1806137690
0.046324633800000	0.1928551220
0.046324975000000	0.2058931740
0.046325316300000	0.2197744290
0.046325828200000	0.2422542220
0.046326340000000	0.2668400000
0.046326766600000	0.2890423810
0.046327193200000	0.3128815090
0.046327619700000	0.3384274880
0.046328046300000	0.3657668910
0.046328472900000	0.3949661430
0.046328899400000	0.4260867820
0.046329326000000	0.4592085200
0.046329894700000	0.5065675520
0.046330321300000	0.5445664320
0.046330890000000	0.5986069800
0.046331345000000	0.6446811860
0.046332027500000	0.7185948190
0.046332710000000	0.7983118040
0.046333392500000	0.8838091010
0.046334075000000	0.9749806410
0.046334916800000	1.0949468900
0.046335690300000	1.2120306100
0.046336463800000	1.3350371900
0.046337624000000	1.5288466400
0.046341537000000	2.2155545300
0.046342811000000	2.4275375700
0.046343948500000	2.6013829100
0.046344904000000	2.7319958200
0.046345905000000	2.8502115200
0.046346724000000	2.9306088700
0.046347725000000	3.0066487400
0.046348657800000	3.0537869500
0.046349997300000	3.0792152500
0.046350809900000	3.0698574200
0.046351638000000	3.0412172800
0.046352457000000	2.9944637700
0.046353094000000	2.9459805400
0.046353913000000	2.8690126500
0.046354914000000	2.7545299700
0.046355869500000	2.6269406800
0.046356984800000	2.4594442400
0.046358261600000	2.2494230400
0.046362170600000	1.5637038900
0.046363199300000	1.3899295500
0.046364228000000	1.2244873400
0.046365136600000	1.0868931300
0.046365805300000	0.9913808640
0.046366474000000	0.9010825040
0.046367142600000	0.8162115050
0.046367811200000	0.7368701650
0.046368479800000	0.6630966890
0.046369028500000	0.6066921580
0.046369577100000	0.5539770910
0.046370125700000	0.5048666800
0.046370674300000	0.4592650470
0.046371223000000	0.4170504390
0.046371634500000	0.3875420310
0.046372045900000	0.3598177830
0.046372457400000	0.3338015640
0.046372868800000	0.3094408120
0.046373383200000	0.2811983750
0.046373897500000	0.2552995160
0.046374411900000	0.2315983050
0.046374754800000	0.2169554510
0.046375097700000	0.2031908310
0.046375440600000	0.1902646850
0.046375783500000	0.1781377520
0.046376126400000	0.1667714030
0.046376469300000	0.1561277470
0.046376812200000	0.1461697370
0.046377155100000	0.1368612520
0.046377498000000	0.1281671740
0.046377840900000	0.1200534490
0.046378183800000	0.1124871440
0.046378561000000	0.1047583880
0.046378972500000	0.0969908080
0.046379384000000	0.0898671870
0.046379795400000	0.0833412490
0.046380206900000	0.0773645960
0.046380618400000	0.0718961910
0.046381029900000	0.0668958600
0.046381441300000	0.0623269580
0.046381852800000	0.0581519760
0.046382264300000	0.0543391250
0.046382675800000	0.0508577150
0.046383087200000	0.0476799690
0.046383498700000	0.0447779190
0.046383910100000	0.0421285420
0.046384321600000	0.0397080000
0.046384733000000	0.0374967060
0.046385213100000	0.0351545750
0.046385624600000	0.0333316110
0.046386036000000	0.0316626180
0.046386584600000	0.0296511310
0.046387133200000	0.0278564390
0.046387681900000	0.0262512050
0.046388230500000	0.0248122250
0.046388779100000	0.0235183420
0.046389327700000	0.0223513190
0.046389876400000	0.0212950660
0.046390425000000	0.0203361140
0.046391247900000	0.0190538520
0.046392070900000	0.0179291010
0.046392893800000	0.0169346280
0.046393716700000	0.0160481620
0.046394745400000	0.0150651390
0.046395774100000	0.0141960720
0.046396802800000	0.0134201290
0.046397831500000	0.0127213230
0.046398860200000	0.0120872920
0.046399888900000	0.0115083840
0.046401260500000	0.0108092920
0.046402632100000	0.0101807470
0.046404003700000	0.0096120300
0.046405581000000	0.0090211880
0.046407364000000	0.0084227200
0.046409147100000	0.0078870000
0.046410930100000	0.0074050270
0.046412713200000	0.0069694070
0.046414496200000	0.0065741500
0.046416279200000	0.0062141970
0.046418062200000	0.0058853160
0.046420051000000	0.0055507490
0.046422245600000	0.0052162040
0.046424440100000	0.0049134300
0.046426634600000	0.0046384230
0.046428829100000	0.0043878210
0.046431023600000	0.0041587660
0.046433218100000	0.0039488160
0.046435412600000	0.0037558700
0.046437881400000	0.0035568830
0.046440624600000	0.0033556410
0.046443367700000	0.0031728120
0.046446110900000	0.0030061820
0.046448854000000	0.0028538860
0.046451597200000	0.0027143030
0.046455711900000	0.0025257950
0.046458455000000	0.0024123330
0.046462295500000	0.0022677360
0.046466135900000	0.0021377140
0.046469976300000	0.0020203340
0.046473816700000	0.0019139820
0.046477657100000	0.0018173030
0.046481497500000	0.0017291540
0.046485337900000	0.0016485610
0.046489178300000	0.0015746860
0.046494664600000	0.0014793880
0.046500150900000	0.0013945460
0.046505637200000	0.0013186800
0.046511123500000	0.0012505640
0.046516609800000	0.0011891740
0.046522096100000	0.0011336520
0.046527582400000	0.0010832720
0.046535263200000	0.0010202360
0.046541846700000	0.0009722320
0.046548430300000	0.0009290220
0.046555013900000	0.0008899700
0.046563791900000	0.0008434250
0.046572570000000	0.0008022730
0.046581348100000	0.0007657410
0.046590126200000	0.0007331820
0.046598904200000	0.0007040440
0.046608779500000	0.0006747820
0.046619752100000	0.0006460050
0.046630724700000	0.0006205740
0.046641697300000	0.0005979920
0.046658156200000	0.0005686000
0.046674615100000	0.0005437230
0.046691073900000	0.0005223910
0.046707532800000	0.0005038910
0.046723991700000	0.0004878170
0.046745936800000	0.0004694860
0.046767882000000	0.0004540340
0.046792021700000	0.0004396950
0.046818355900000	0.0004267220
0.046844690100000	0.0004157670
0.046884191400000	0.0004022990
0.046923692700000	0.0003916790
0.046963194000000	0.0003831890
0.047007084400000	0.0003756460
0.047059752800000	0.0003685780
0.047129977300000	0.0003615950
0.047270426400000	0.0003529120
0.047481100000000	0.0003472060
0.047706217500000	0.0003457490
0.047931335000000	0.0003466890
0.048269011300000	0.0003504610
0.048831805000000	0.0003596180
0.049282040000000	0.0003684600
0.050182510000000	0.0003885040
0.051082980000000	0.0004110200
0.051983450000000	0.0004358680
0.052883920000000	0.0004631590
0.053784390000000	0.0004931200
0.054684860000000	0.0005260500
0.055585330000000	0.0005623130
0.056485800000000	0.0006023440
0.057386270000000	0.0006466570
0.058286740000000	0.0006958530
0.058962092500000	0.0007365650
0.059637445000000	0.0007804340
0.060312797500000	0.0008286180
0.060988150000000	0.0008807340
0.061663502500000	0.0009382690
0.062338855000000	0.0010007720
0.063014207500000	0.0010701670
0.063689560000000	0.0011459270
0.064590030000000	0.0012601560
0.065490500000000	0.0013915490
0.066390970000000	0.0015436190
0.066841205000000	0.0016287520
0.067291440000000	0.0017208070
0.067741675000000	0.0018205310
0.068191910000000	0.0019287750
0.068642145000000	0.0020465050
0.069092380000000	0.0021748260
0.069542615000000	0.0023149990
0.069992850000000	0.0024684780
0.070443085000000	0.0026369340
0.070893320000000	0.0028223000
0.071343555000000	0.0030268140
0.071793790000000	0.0032530830
0.072244025000000	0.0035040610
0.072581701300000	0.0037114610
0.072919377500000	0.0039349810
0.073257053800000	0.0041799060
0.073594730000000	0.0044446540
0.073932406300000	0.0047359390
0.074270082500000	0.0050518970
0.074607758800000	0.0054010020
0.074945435000000	0.0057810370
0.075283111300000	0.0062027520
0.075620787500000	0.0066634830
0.076071022500000	0.0073565250
0.076521257500000	0.0081502150
0.076971492500000	0.0090618220
0.077421727500000	0.0101113550
0.077646845000000	0.0106948470
0.077871962500000	0.0113215380
0.078097080000000	0.0119946160
0.078322197500000	0.0127173400
0.078547315000000	0.0134929710
0.078772432500000	0.0143246770
0.079087597000000	0.0155923490
0.079357738000000	0.0167691290
0.079627879000000	0.0180461100
0.079898020000000	0.0194078020
0.080258208000000	0.0213667350
0.080618396000000	0.0234635930
0.081608913000000	0.0295127200
0.081969101000000	0.0315417040
0.082239242000000	0.0328781550
0.082509383000000	0.0339884700
0.082779524000000	0.0348165160
0.082959618000000	0.0351888200
0.083297294300000	0.0354658750
0.083499900000000	0.0353590670
0.083679994000000	0.0350936220
0.083860088000000	0.0346791960
0.084130229000000	0.0337998620
0.084400370000000	0.0326559930
0.084670511000000	0.0313053270
0.085030699000000	0.0292860530
0.086021216000000	0.0233771900
0.086381404000000	0.0213482900
0.086741592000000	0.0194563180
0.087011733000000	0.0181417450
0.087281874000000	0.0169087540
0.087552015000000	0.0157714810
0.088002250000000	0.0140548280
0.088452485000000	0.0125592400
0.088902720000000	0.0112570800
0.089352955000000	0.0101241180
0.089803190000000	0.0091374610
0.090253425000000	0.0082765420
0.090478542500000	0.0078875120
0.090816218800000	0.0073522570
0.091153895000000	0.0068624440
0.091491571300000	0.0064210230
0.091829247500000	0.0060156820
0.092166923800000	0.0056488440
0.092504600000000	0.0053107950
0.092842276300000	0.0050035570
0.093179952500000	0.0047194390
0.093517628800000	0.0044601460
0.093855305000000	0.0042196490
0.094305540000000	0.0039286220
0.094755775000000	0.0036662510
0.095206010000000	0.0034291000
0.095656245000000	0.0032141330
0.096106480000000	0.0030187390
0.096556715000000	0.0028406680
0.097006950000000	0.0026779790
0.097457185000000	0.0025289840
0.097907420000000	0.0023922180
0.098357655000000	0.0022664000
0.098807890000000	0.0021504100
0.099708360000000	0.0019441040
0.100608830000000	0.0017667540
0.101059065000000	0.0016872920
0.101734418000000	0.0015786150
0.102409770000000	0.0014795040
0.103085123000000	0.0013906210
0.103760475000000	0.0013091000
0.104435828000000	0.0012355110
0.105111180000000	0.0011676740
0.105786533000000	0.0011060790
0.106912120000000	0.0010137540
0.107812590000000	0.0009486030
0.108713060000000	0.0008899480
0.109613530000000	0.0008369610
0.110514000000000	0.0007889370
0.111414470000000	0.0007452780
0.112314940000000	0.0007054760
0.113215410000000	0.0006690900
0.114115880000000	0.0006357470
0.115016350000000	0.0006051170
0.116817290000000	0.0005509030
0.118618230000000	0.0005045820
0.119968935000000	0.0004743100
0.121319640000000	0.0004468490
0.122670345000000	0.0004224100
0.124021050000000	0.0004001120
0.125371755000000	0.0003801370
0.126722460000000	0.0003618280
0.128523400000000	0.0003400690
0.130324340000000	0.0003208190
0.132125280000000	0.0003037340
0.133926220000000	0.0002885300
0.135727160000000	0.0002749680
0.137528100000000	0.0002628510
0.139329040000000	0.0002520090
0.141580215000000	0.0002400630
0.144056508000000	0.0002286960
0.146532800000000	0.0002188570
0.148783975000000	0.0002111920
0.151035150000000	0.0002045680
0.155537500000000	0.0001940420
0.160039850000000	0.0001866470
0.164542200000000	0.0001819660
0.166793375000000	0.0001805700
0.170170138000000	0.0001796950
0.172421313000000	0.0001802290
0.173546900000000	0.0001812930
0.174326818000000	0.0001829890
0.174814267000000	0.0001851940
0.175106736000000	0.0001874850
0.175350461000000	0.0001906270
0.175496695000000	0.0001934580
0.175691675000000	0.0001993240
0.175801352000000	0.0002043610
0.175874469000000	0.0002089030
0.175947586000000	0.0002148490
0.176002424000000	0.0002205920
0.176057262000000	0.0002278600
0.176093821000000	0.0002337530
0.176130379000000	0.0002408880
0.176166938000000	0.0002495750
0.176194357000000	0.0002573720
0.176221776000000	0.0002665580
0.176249195000000	0.0002774750
0.176276613000000	0.0002905460
0.176299463000000	0.0003035660
0.176314696000000	0.0003136000
0.176329929000000	0.0003249230
0.176345162000000	0.0003377570
0.176360395000000	0.0003523820
0.176375628000000	0.0003691480
0.176390860000000	0.0003884940
0.176403427000000	0.0004067850
0.176413329000000	0.0004229460
0.176423230000000	0.0004408950
0.176433132000000	0.0004609140
0.176443033000000	0.0004833440
0.176452935000000	0.0005086090
0.176462836000000	0.0005372080
0.176472737000000	0.0005697600
0.176481115000000	0.0006009510
0.176487970000000	0.0006293760
0.176494825000000	0.0006608130
0.176501679000000	0.0006957020
0.176508534000000	0.0007345830
0.176515389000000	0.0007780900
0.176522244000000	0.0008269950
0.176527385000000	0.0008677750
0.176532525000000	0.0009125860
0.176537095000000	0.0009562730
0.176541665000000	0.0010040620
0.176546235000000	0.0010564960
0.176550804000000	0.0011142040
0.176555374000000	0.0011779680
0.176559944000000	0.0012486790
0.176564514000000	0.0013274170
0.176569083000000	0.0014154710
0.176572511000000	0.0014886090
0.176575938000000	0.0015686740
0.176579366000000	0.0016566630
0.176582793000000	0.0017536590
0.176586221000000	0.0018610830
0.176589648000000	0.0019805390
0.176593076000000	0.0021141710
0.176595647000000	0.0022252420
0.176597836000000	0.0023282860
0.176600502000000	0.0024659550
0.176603168000000	0.0026193160
0.176605834000000	0.0027916170
0.176607833000000	0.0029358330
0.176609832000000	0.0030956100
0.176611831000000	0.0032741420
0.176613830000000	0.0034755970
0.176615830000000	0.0037055700
0.176617162000000	0.0038779770
0.176618781000000	0.0041126550
0.176620209000000	0.0043469530
0.176621637000000	0.0046120130
0.176623065000000	0.0049138780
0.176624017000000	0.0051391200
0.176624969000000	0.0053864680
0.176625921000000	0.0056587820
0.176626873000000	0.0059592930
0.176627825000000	0.0062916410
0.176628777000000	0.0066599210
0.176629729000000	0.0070687300
0.176630681000000	0.0075232110
0.176631633000000	0.0080291110
0.176632585000000	0.0085928320
0.176633490000000	0.0091888060
0.176634347000000	0.0098133630
0.176635204000000	0.0105028700
0.176636061000000	0.0112641850
0.176636918000000	0.0121047770
0.176637775000000	0.0130327540
0.176638632000000	0.0140568940
0.176639488000000	0.0151852960
0.176640345000000	0.0164307920
0.176641202000000	0.0178030870
0.176642059000000	0.0193139110
0.176642915000000	0.0209737490
0.176643772000000	0.0227997770
0.176644629000000	0.0248042550
0.176645486000000	0.0270020840
0.176646342000000	0.0294060120
0.176647104000000	0.0317346720
0.176647770000000	0.0339253570
0.176648437000000	0.0362733340
0.176649103000000	0.0387801170
0.176649770000000	0.0414620290
0.176650436000000	0.0443199990
0.176651103000000	0.0473717790
0.176651769000000	0.0506175130
0.176652436000000	0.0540763840
0.176653102000000	0.0577475200
0.176654102000000	0.0636887220
0.176655102000000	0.0701735930
0.176656101000000	0.0772267630
0.176657100000000	0.0848856650
0.176657957000000	0.0919615490
0.176659005000000	0.1012769600
0.176660052000000	0.1113404220
0.176661099000000	0.1221885300
0.176662146000000	0.1338457520
0.176663194000000	0.1463446150
0.176664241000000	0.1596765170
0.176665288000000	0.1738625710
0.176666652000000	0.1936294570
0.176667914000000	0.2132045170
0.176669174000000	0.2339560850
0.176670436000000	0.2559066230
0.176672117000000	0.2868469110
0.176673911000000	0.3217964200
0.176675971000000	0.3639638450
0.176683361000000	0.5223523350
0.176685784000000	0.5718075060
0.176687965000000	0.6129106700
0.176689823000000	0.6444061140
0.176691842000000	0.6740646220
0.176693457000000	0.6938170220
0.176694831000000	0.7075398040
0.176696446000000	0.7197793040
0.176697981000000	0.7273149510
0.176700000000000	0.7309293750
0.176701777000000	0.7281157320
0.176703312000000	0.7212131700
0.176704928000000	0.7096043800
0.176706220000000	0.6972642210
0.176707835000000	0.6782620430
0.176709854000000	0.6494323900
0.176711632000000	0.6199816680
0.176713570000000	0.5843121420
0.176715994000000	0.5357452480
0.176723909000000	0.3664247990
0.176726251000000	0.3185254090
0.176728271000000	0.2795089950
0.176729886000000	0.2501728210
0.176731098000000	0.2293558800
0.176732309000000	0.2096411000
0.176733319000000	0.1940538820
0.176734329000000	0.1792582060
0.176735339000000	0.1652597210
0.176736348000000	0.1520705050
0.176737358000000	0.1396581080
0.176738367000000	0.1280356760
0.176739377000000	0.1171641540
0.176740386000000	0.1070450890
0.176741295000000	0.0985443650
0.176742204000000	0.0906072700
0.176743113000000	0.0832131520
0.176744022000000	0.0763401010
0.176744931000000	0.0699652430
0.176745839000000	0.0640712460
0.176746748000000	0.0586211370
0.176747656000000	0.0536027380
0.176748565000000	0.0489807900
0.176749474000000	0.0447370070
0.176750079000000	0.0421104060
0.176750887000000	0.0388354700
0.176751695000000	0.0358123250
0.176752503000000	0.0330253660
0.176753310000000	0.0304625120
0.176754118000000	0.0281028290
0.176754926000000	0.0259355860
0.176755734000000	0.0239473310
0.176756541000000	0.0221273790
0.176757349000000	0.0204590100
0.176758157000000	0.0189329860
0.176758965000000	0.0175383420
0.176759772000000	0.0162662470
0.176760580000000	0.0151038390
0.176761388000000	0.0140436560
0.176762196000000	0.0130771770
0.176763003000000	0.0121974960
0.176763761000000	0.0114425630
0.176764518000000	0.0107517990
0.176765276000000	0.0101181020
0.176766033000000	0.0095382570
0.176766790000000	0.0090068650
0.176767547000000	0.0085197390
0.176768305000000	0.0080724520
0.176769062000000	0.0076626200
0.176770072000000	0.0071675500
0.176771081000000	0.0067256300
0.176772091000000	0.0063297170
0.176773101000000	0.0059747120
0.176774111000000	0.0056556880
0.176775120000000	0.0053685700
0.176776130000000	0.0051089600
0.176777139000000	0.0048740130
0.176778149000000	0.0046603130
0.176779158000000	0.0044657040
0.176780471000000	0.0042370380
0.176781783000000	0.0040324330
0.176783096000000	0.0038480250
0.176784408000000	0.0036811300
0.176786377000000	0.0034579530
0.176788346000000	0.0032617310
0.176790315000000	0.0030873670
0.176792283000000	0.0029310350
0.176794252000000	0.0027895750
0.176796221000000	0.0026607430
0.176798846000000	0.0025055300
0.176801774000000	0.0023510540
0.176805005000000	0.0021995000
0.176808236000000	0.0020644850
0.176811467000000	0.0019434170
0.176814698000000	0.0018342670
0.176817929000000	0.0017354110
0.176821160000000	0.0016455210
0.176824390000000	0.0015635160
0.176828025000000	0.0014794750
0.176832064000000	0.0013950440
0.176836103000000	0.0013188120
0.176840141000000	0.0012497380
0.176844180000000	0.0011869020
0.176848218000000	0.0011295840
0.176852257000000	0.0010771180
0.176858314000000	0.0010063850
0.176864372000000	0.0009438390
0.176870430000000	0.0008882500
0.176876488000000	0.0008386080
0.176882546000000	0.0007940820
0.176888604000000	0.0007539830
0.176894662000000	0.0007177370
0.176900720000000	0.0006848590
0.176909070000000	0.0006443200
0.176915944000000	0.0006145390
0.176925110000000	0.0005791310
0.176934276000000	0.0005479220
0.176943442000000	0.0005202720
0.176952608000000	0.0004956550
0.176961774000000	0.0004736400
0.176970940000000	0.0004538660
0.176983910000000	0.0004291490
0.176995323000000	0.0004100820
0.177006736000000	0.0003931400
0.177018149000000	0.0003780230
0.177033366000000	0.0003602870
0.177048583000000	0.0003448720
0.177063801000000	0.0003313680
0.177079018000000	0.0003194540
0.177101843000000	0.0003040580
0.177120573000000	0.0002932650
0.177139302000000	0.0002838380
0.177167396000000	0.0002717830
0.177195489000000	0.0002617370
0.177223583000000	0.0002532820
0.177251676000000	0.0002461320
0.177289135000000	0.0002381430
0.177326593000000	0.0002315070
0.177364051000000	0.0002259690
0.177420239000000	0.0002192390
0.177476426000000	0.0002139670
0.177551342000000	0.0002084960
0.177626259000000	0.0002042740
0.177738634000000	0.0001996100
0.177851008000000	0.0001962590
0.178000841000000	0.0001931110
0.178225591000000	0.0001900830
0.178450340000000	0.0001881550
0.178750006000000	0.0001866200
0.179478574000000	0.0001850330
0.179930900000000	0.0001847320
0.181302839000000	0.0001850530
0.184813855000000	0.0001886240
0.188022470000000	0.0001935730
0.191231084000000	0.0001996500
0.194439699000000	0.0002071390
0.197648313000000	0.0002158160
0.200856928000000	0.0002260660
0.204065542000000	0.0002376700
0.208343695000000	0.0002557980
0.212621848000000	0.0002770770
0.215830462000000	0.0002953520
0.218915000000000	0.0003145700
0.221937500000000	0.0003353880
0.224960000000000	0.0003577500
0.228990000000000	0.0003901650
0.242692000000000	0.0005101920
0.250953500000000	0.0005755690
0.252235040000000	0.0005884110
0.253089400000000	0.0006005510
0.253573000000000	0.0006102190
0.254056600000000	0.0006237360
0.254379000000000	0.0006362880
0.254620800000000	0.0006488000
0.254822300000000	0.0006618300
0.255003650000000	0.0006768520
0.255185000000000	0.0006957460
0.255305900000000	0.0007114780
0.255426800000000	0.0007304560
0.255547700000000	0.0007537750
0.255638375000000	0.0007748550
0.255718975000000	0.0007969260
0.255819725000000	0.0008299560
0.255895288000000	0.0008597650
0.255970850000000	0.0008954500
0.256046413000000	0.0009383690
0.256096788000000	0.0009720070
0.256147163000000	0.0010105910
0.256197538000000	0.0010551450
0.256247913000000	0.0011069690
0.256295769000000	0.0011644600
0.256329773000000	0.0012112160
0.256363775000000	0.0012637460
0.256397779000000	0.0013228220
0.256431782000000	0.0013900050
0.256465785000000	0.0014670150
0.256499788000000	0.0015555900
0.256522457000000	0.0016222250
0.256545125000000	0.0016959290
0.256567794000000	0.0017777480
0.256590463000000	0.0018689140
0.256613132000000	0.0019709110
0.256635800000000	0.0020855220
0.256660358000000	0.0022264530
0.256676730000000	0.0023316680
0.256693102000000	0.0024472110
0.256709474000000	0.0025744500
0.256725846000000	0.0027151300
0.256742218000000	0.0028713920
0.256758590000000	0.0030456770
0.256773072000000	0.0032171010
0.256785666000000	0.0033812030
0.256798260000000	0.0035611630
0.256810854000000	0.0037590920
0.256823447000000	0.0039774530
0.256836041000000	0.0042192070
0.256848635000000	0.0044878090
0.256861229000000	0.0047873970
0.256871933000000	0.0050700580
0.256880749000000	0.0053248800
0.256889565000000	0.0056020830
0.256898381000000	0.0059043740
0.256907196000000	0.0062348620
0.256916012000000	0.0065973100
0.256924827000000	0.0069959620
0.256933643000000	0.0074359770
0.256941325000000	0.0078576990
0.256951148000000	0.0084566040
0.256957697000000	0.0088982210
0.256964245000000	0.0093782160
0.256970794000000	0.0099013530
0.256977343000000	0.0104729350
0.256983892000000	0.0110992300
0.256990440000000	0.0117874770
0.256997997000000	0.0126702700
0.257003034000000	0.0133187290
0.257008072000000	0.0140217330
0.257013109000000	0.0147853630
0.257018147000000	0.0156172440
0.257023184000000	0.0165255120
0.257028222000000	0.0175203760
0.257033007000000	0.0185557610
0.257037541000000	0.0196287830
0.257042075000000	0.0208029290
0.257046609000000	0.0220916040
0.257051142000000	0.0235102410
0.257055676000000	0.0250781160
0.257060210000000	0.0268171460
0.257064744000000	0.0287539920
0.257068774000000	0.0306674980
0.257072300000000	0.0325119800
0.257075826000000	0.0345379170
0.257079352000000	0.0367707890
0.257082879000000	0.0392415170
0.257086405000000	0.0419846120
0.257089931000000	0.0450436170
0.257092576000000	0.0475762200
0.257095220000000	0.0503395830
0.257097739000000	0.0532144060
0.257100258000000	0.0563546700
0.257102777000000	0.0597931340
0.257105295000000	0.0635654710
0.257107814000000	0.0677168970
0.257110333000000	0.0722937200
0.257112852000000	0.0773496510
0.257115370000000	0.0829424620
0.257117637000000	0.0884937230
0.257119904000000	0.0945891650
0.257122171000000	0.1012867090
0.257124438000000	0.1086485620
0.257126705000000	0.1167408420
0.257128972000000	0.1256329820
0.257131239000000	0.1353968570
0.257133505000000	0.1461006770
0.257135269000000	0.1551334770
0.257137032000000	0.1648104660
0.257138795000000	0.1751687470
0.257140558000000	0.1862384110
0.257143203000000	0.2042389230
0.257145847000000	0.2239687600
0.257148366000000	0.2444262810
0.257150633000000	0.2642361170
0.257152900000000	0.2853595660
0.257155923000000	0.3155029140
0.257158945000000	0.3477341610
0.257162219000000	0.3847065920
0.257174309000000	0.5302232550
0.257178843000000	0.5825647750
0.257181942000000	0.6154330790
0.257185039000000	0.6448911580
0.257187104000000	0.6622285360
0.257189724000000	0.6811520320
0.257192343000000	0.6962473500
0.257195366000000	0.7084787960
0.257198026000000	0.7143546330
0.257200000000000	0.7156631450
0.257202821000000	0.7129834830
0.257205058000000	0.7070982230
0.257207294000000	0.6979968570
0.257210276000000	0.6811242350
0.257213258000000	0.6593030620
0.257215842000000	0.6368709430
0.257219122000000	0.6044489280
0.257222403000000	0.5685584540
0.257236072000000	0.4046908970
0.257239899000000	0.3605633210
0.257242450000000	0.3326141500
0.257245366000000	0.3023926610
0.257248282000000	0.2742016460
0.257250469000000	0.2544635910
0.257252656000000	0.2359559200
0.257255026000000	0.2172894390
0.257256848000000	0.2039091590
0.257258671000000	0.1913461710
0.257260493000000	0.1795904470
0.257262316000000	0.1686005940
0.257264138000000	0.1583565700
0.257265961000000	0.1488123260
0.257267783000000	0.1399417290
0.257269879000000	0.1305147230
0.257272249000000	0.1207878280
0.257274618000000	0.1119743920
0.257276987000000	0.1039895470
0.257279356000000	0.0967562860
0.257281726000000	0.0901993930
0.257284095000000	0.0842567850
0.257286464000000	0.0788632500
0.257289106000000	0.0734262570
0.257291293000000	0.0693377410
0.257293480000000	0.0655834870
0.257296396000000	0.0610415150
0.257299312000000	0.0569669040
0.257302228000000	0.0533000230
0.257305144000000	0.0499894490
0.257308060000000	0.0469909410
0.257310976000000	0.0442664790
0.257314257000000	0.0414881310
0.257317537000000	0.0389765380
0.257320818000000	0.0366966160
0.257324098000000	0.0346213050
0.257327379000000	0.0327251150
0.257330659000000	0.0309885090
0.257333940000000	0.0293926610
0.257337220000000	0.0279232390
0.257341594000000	0.0261369840
0.257345968000000	0.0245245420
0.257350342000000	0.0230635600
0.257354716000000	0.0217352260
0.257359090000000	0.0205236120
0.257363464000000	0.0194151500
0.257367838000000	0.0183982210
0.257372212000000	0.0174628260
0.257378044000000	0.0163276870
0.257383876000000	0.0153048300
0.257389708000000	0.0143797120
0.257395540000000	0.0135401140
0.257401372000000	0.0127757000
0.257407204000000	0.0120776720
0.257413036000000	0.0114384940
0.257418868000000	0.0108516820
0.257426158000000	0.0101833270
0.257433448000000	0.0095787070
0.257440738000000	0.0090299110
0.257448028000000	0.0085302280
0.257455318000000	0.0080739350
0.257462608000000	0.0076561280
0.257469898000000	0.0072725860
0.257477188000000	0.0069196580
0.257486665000000	0.0065014460
0.257496142000000	0.0061236450
0.257505619000000	0.0057811670
0.257515096000000	0.0054696740
0.257524573000000	0.0051854610
0.257534050000000	0.0049253770
0.257543527000000	0.0046867430
0.257553004000000	0.0044672660
0.257566126000000	0.0041913530
0.257579248000000	0.0039439030
0.257592370000000	0.0037211400
0.257605492000000	0.0035198840
0.257618614000000	0.0033374470
0.257631736000000	0.0031715490
0.257644858000000	0.0030202440
0.257657980000000	0.0028818660
0.257676934000000	0.0027019480
0.257695888000000	0.0025424330
0.257714842000000	0.0024004160
0.257733796000000	0.0022735000
0.257752750000000	0.0021595430
0.257771704000000	0.0020566630
0.257790658000000	0.0019634310
0.257809612000000	0.0018787390
0.257831601000000	0.0017899120
0.257853589000000	0.0017099400
0.257875578000000	0.0016376780
0.257908561000000	0.0015417020
0.257941543000000	0.0014584400
0.257974526000000	0.0013857100
0.258007983000000	0.0013206590
0.258041676000000	0.0012627880
0.258075369000000	0.0012114860
0.258120293000000	0.0011516730
0.258165217000000	0.0011000330
0.258210142000000	0.0010551410
0.258255066000000	0.0010158700
0.258299990000000	0.0009813180
0.258367376000000	0.0009368750
0.258434762000000	0.0008997530
0.258502148000000	0.0008679120
0.258578520000000	0.0008373020
0.258659384000000	0.0008099850
0.258740247000000	0.0007868670
0.258848065000000	0.0007612060
0.258955883000000	0.0007401620
0.259099641000000	0.0007174630
0.259243398000000	0.0006992720
0.259530913000000	0.0006724070
0.259962185000000	0.0006466250
0.260249700000000	0.0006349750
0.260680973000000	0.0006225390
0.261399760000000	0.0006088260
0.262262305000000	0.0005986350
0.263699880000000	0.0005871020
0.269450180000000	0.0005516880
0.273475390000000	0.0005230030
0.286701080000000	0.0004155340
0.291301320000000	0.0003802210
0.295326530000000	0.0003519350
0.298201680000000	0.0003333550
0.301651860000000	0.0003130910
0.305102040000000	0.0002946580
0.308552220000000	0.0002784200
0.312002400000000	0.0002638690
0.315452580000000	0.0002512900
0.318902760000000	0.0002402060
0.322352940000000	0.0002308650
0.326378150000000	0.0002216680
0.329253300000000	0.0002163270
0.332128450000000	0.0002119270
0.335003600000000	0.0002084470
0.337878750000000	0.0002058730
0.340753900000000	0.0002042030
0.344347838000000	0.0002034050
0.349379350000000	0.0002047920
0.352254500000000	0.0002069770
0.355129650000000	0.0002102620
0.358004800000000	0.0002147390
0.360879950000000	0.0002205260
0.363755100000000	0.0002277730
0.366630250000000	0.0002366660
0.368786613000000	0.0002446180
0.370942975000000	0.0002536260
0.373099338000000	0.0002640910
0.375255700000000	0.0002758890
0.377412063000000	0.0002895520
0.379568425000000	0.0003049410
0.382443575000000	0.0003290890
0.383881150000000	0.0003428930
0.386037513000000	0.0003661050
0.388193875000000	0.0003927960
0.389631450000000	0.0004128050
0.391069025000000	0.0004348330
0.392506600000000	0.0004591250
0.394076253000000	0.0004885580
0.396492300000000	0.0005407530
0.398042650000000	0.0005793930
0.399205413000000	0.0006115640
0.400368175000000	0.0006463850
0.401530938000000	0.0006847680
0.402693700000000	0.0007263950
0.403856463000000	0.0007723980
0.405019225000000	0.0008223840
0.406181988000000	0.0008777380
0.407344750000000	0.0009379680
0.408507513000000	0.0010047370
0.409670275000000	0.0010774120
0.410833038000000	0.0011579320
0.411995800000000	0.0012454470
0.413158563000000	0.0013420860
0.414321325000000	0.0014466620
0.415406570000000	0.0015531540
0.416646850000000	0.0016843490
0.417887130000000	0.0018256160
0.419437480000000	0.0020144870
0.423623425000000	0.0025520630
0.425018740000000	0.0027151590
0.426103985000000	0.0028249750
0.427034195000000	0.0029029950
0.427964405000000	0.0029627790
0.428894615000000	0.0030017810
0.429979860000000	0.0030189770
0.430755035000000	0.0030117960
0.431685245000000	0.0029818050
0.432615455000000	0.0029305870
0.433545665000000	0.0028601050
0.434630910000000	0.0027575570
0.435871190000000	0.0026196560
0.440522240000000	0.0020297230
0.442072590000000	0.0018412160
0.443312870000000	0.0016999440
0.444553150000000	0.0015685170
0.445793430000000	0.0014473400
0.446878675000000	0.0013494170
0.448041438000000	0.0012535250
0.449204200000000	0.0011650270
0.450366963000000	0.0010849040
0.451529725000000	0.0010111490
0.452692488000000	0.0009444780
0.453855250000000	0.0008831250
0.455018013000000	0.0008276350
0.456180775000000	0.0007765170
0.457343538000000	0.0007302020
0.458506300000000	0.0006874600
0.459669063000000	0.0006486380
0.460831825000000	0.0006127360
0.461994588000000	0.0005800400
0.463157350000000	0.0005497470
0.464707700000000	0.0005132300
0.466258050000000	0.0004804990
0.467808400000000	0.0004511790
0.469358750000000	0.0004250320
0.470521513000000	0.0004076610
0.471684275000000	0.0003923830
0.472459450000000	0.0003843600
0.473234625000000	0.0003802090
0.473525316000000	0.0003809930
0.473816007000000	0.0003844030
0.474009800000000	0.0003893650
0.474138186000000	0.0003946350
0.474266571000000	0.0004024440
0.474362861000000	0.0004107350
0.474459150000000	0.0004219270
0.474523342000000	0.0004318250
0.474582186000000	0.0004432430
0.474641029000000	0.0004576170
0.474685162000000	0.0004709390
0.474729295000000	0.0004870390
0.474772090000000	0.0005061160
0.474812210000000	0.0005281460
0.474838957000000	0.0005456460
0.474865704000000	0.0005659310
0.474892451000000	0.0005896150
0.474919198000000	0.0006174810
0.474939259000000	0.0006417240
0.474959318000000	0.0006694280
0.474979378000000	0.0007013040
0.474999438000000	0.0007382650
0.475012812000000	0.0007662940
0.475026185000000	0.0007975090
0.475039559000000	0.0008324120
0.475052932000000	0.0008715990
0.475066305000000	0.0009158020
0.475079678000000	0.0009659170
0.475090377000000	0.0010110050
0.475101076000000	0.0010612710
0.475111775000000	0.0011175500
0.475122473000000	0.0011808470
0.475133172000000	0.0012524210
0.475141197000000	0.0013124500
0.475149221000000	0.0013787740
0.475157245000000	0.0014523390
0.475165268000000	0.0015342570
0.475171955000000	0.0016098930
0.475178642000000	0.0016932110
0.475185329000000	0.0017853230
0.475192015000000	0.0018875400
0.475198702000000	0.0020014930
0.475205389000000	0.0021291190
0.475212076000000	0.0022728210
0.475217091000000	0.0023929240
0.475221437000000	0.0025068700
0.475226787000000	0.0026616040
0.475232136000000	0.0028348820
0.475236149000000	0.0029791450
0.475240160000000	0.0031375660
0.475244173000000	0.0033125580
0.475248185000000	0.0035068000
0.475252197000000	0.0037238600
0.475256208000000	0.0039681630
0.475260220000000	0.0042456040
0.475263229000000	0.0044798170
0.475266573000000	0.0047716700
0.475269080000000	0.0050161270
0.475271588000000	0.0052864490
0.475274096000000	0.0055866070
0.475276603000000	0.0059212520
0.475279111000000	0.0062962930
0.475281618000000	0.0067180530
0.475284126000000	0.0071946210
0.475285797000000	0.0075468810
0.475287469000000	0.0079306490
0.475289057000000	0.0083271610
0.475291314000000	0.0089507030
0.475292819000000	0.0094100210
0.475294323000000	0.0099076160
0.475295828000000	0.0104476930
0.475297332000000	0.0110333530
0.475298837000000	0.0116694800
0.475300341000000	0.0123596280
0.475301846000000	0.0131094190
0.475303350000000	0.0139228670
0.475304855000000	0.0148063800
0.475306359000000	0.0157644180
0.475307864000000	0.0168042040
0.475309368000000	0.0179306020
0.475310873000000	0.0191516560
0.475312377000000	0.0204725610
0.475314008000000	0.0220269650
0.475315638000000	0.0237162820
0.475317268000000	0.0255510130
0.475318897000000	0.0275396990
0.475320527000000	0.0296947410
0.475322157000000	0.0320250150
0.475323787000000	0.0345405620
0.475325416000000	0.0372495940
0.475327046000000	0.0401651630
0.475328676000000	0.0432950650
0.475330598000000	0.0472731700
0.475332270000000	0.0509969100
0.475333942000000	0.0549739080
0.475335614000000	0.0592111880
0.475337285000000	0.0637118020
0.475338957000000	0.0684855770
0.475341465000000	0.0761593280
0.475343889000000	0.0841623870
0.475346145000000	0.0921224850
0.475348402000000	0.1005661310
0.475351411000000	0.1125312880
0.475354420000000	0.1252352610
0.475357513000000	0.1389543730
0.475371889000000	0.2064983680
0.475376402000000	0.2265948520
0.475380329000000	0.2425399900
0.475383741000000	0.2547854850
0.475386705000000	0.2639376060
0.475389400000000	0.2708881490
0.475391843000000	0.2759519990
0.475394826000000	0.2804275470
0.475397700000000	0.2828764400
0.475400000000000	0.2834822520
0.475402731000000	0.2826256970
0.475404599000000	0.2810618120
0.475407546000000	0.2770180190
0.475410780000000	0.2704579530
0.475413475000000	0.2634139500
0.475416529000000	0.2538666080
0.475419943000000	0.2414798640
0.475423716000000	0.2260753350
0.475428567000000	0.2043782480
0.475439887000000	0.1508893710
0.475443660000000	0.1336721570
0.475447432000000	0.1173269930
0.475450307000000	0.1055986680
0.475453182000000	0.0945872910
0.475455339000000	0.0868289270
0.475457494000000	0.0795245210
0.475459830000000	0.0721195730
0.475461627000000	0.0667876420
0.475463424000000	0.0617705120
0.475465220000000	0.0570663690
0.475467017000000	0.0526636470
0.475468813000000	0.0485592020
0.475470610000000	0.0447389530
0.475472406000000	0.0411964410
0.475473888000000	0.0384725090
0.475475640000000	0.0354745520
0.475477392000000	0.0327060510
0.475479144000000	0.0301547370
0.475480896000000	0.0278081680
0.475482647000000	0.0256550440
0.475484399000000	0.0236805300
0.475486151000000	0.0218737300
0.475487902000000	0.0202236610
0.475489654000000	0.0187169370
0.475491406000000	0.0173434750
0.475492708000000	0.0164028150
0.475494146000000	0.0154376340
0.475495583000000	0.0145452580
0.475497021000000	0.0137193430
0.475498458000000	0.0129561960
0.475499896000000	0.0122501730
0.475501333000000	0.0115979350
0.475502770000000	0.0109949110
0.475504207000000	0.0104372900
0.475506363000000	0.0096780950
0.475508519000000	0.0090020960
0.475510675000000	0.0083993920
0.475512831000000	0.0078611440
0.475514986000000	0.0073797150
0.475516783000000	0.0070164710
0.475518580000000	0.0066841370
0.475521275000000	0.0062367350
0.475523970000000	0.0058422520
0.475526666000000	0.0054925870
0.475529360000000	0.0051813980
0.475532056000000	0.0049025940
0.475534751000000	0.0046517940
0.475537446000000	0.0044249550
0.475540140000000	0.0042188620
0.475543733000000	0.0039714620
0.475547102000000	0.0037637350
0.475550471000000	0.0035758900
0.475554963000000	0.0033515550
0.475559455000000	0.0031523080
0.475563946000000	0.0029741030
0.475568438000000	0.0028136650
0.475572929000000	0.0026685240
0.475577421000000	0.0025365610
0.475583260000000	0.0023820410
0.475588650000000	0.0022541100
0.475594040000000	0.0021383320
0.475599431000000	0.0020331180
0.475604820000000	0.0019372160
0.475612007000000	0.0018218610
0.475619194000000	0.0017188840
0.475626381000000	0.0016265220
0.475633567000000	0.0015433370
0.475641652000000	0.0014592100
0.475650636000000	0.0013758390
0.475659619000000	0.0013015860
0.475668602000000	0.0012351410
0.475677585000000	0.0011754320
0.475686569000000	0.0011215610
0.475695552000000	0.0010727910
0.475709026000000	0.0010078360
0.475721828000000	0.0009538430
0.475734629000000	0.0009061590
0.475747430000000	0.0008638120
0.475760231000000	0.0008260220
0.475777299000000	0.0007816340
0.475794368000000	0.0007430070
0.475811436000000	0.0007091840
0.475828504000000	0.0006793950
0.475845572000000	0.0006530190
0.475865960000000	0.0006252890
0.475886346000000	0.0006010290
0.475913529000000	0.0005731320
0.475940711000000	0.0005493580
0.475967894000000	0.0005288820
0.475995076000000	0.0005111190
0.476035850000000	0.0004885950
0.476078396000000	0.0004692360
0.476124486000000	0.0004519360
0.476170577000000	0.0004376360
0.476216667000000	0.0004256830
0.476278121000000	0.0004123550
0.476339575000000	0.0004014200
0.476431756000000	0.0003883490
0.476523937000000	0.0003781520
0.476631481000000	0.0003688650
0.476785116000000	0.0003586860
0.476925809000000	0.0003515070
0.477117435000000	0.0003438870
0.477515219000000	0.0003327450
0.477913004000000	0.0003248460
0.478575977000000	0.0003148570
0.479106356000000	0.0003083880
0.480432304000000	0.0002949320
0.481758251000000	0.0002834870
0.483614578000000	0.0002696310
0.485470904000000	0.0002576850
0.487327231000000	0.0002475920
0.488918368000000	0.0002405510
0.490244315000000	0.0002361450
0.491305073000000	0.0002340740
0.491835452000000	0.0002337410
0.492631021000000	0.0002345620
0.493161400000000	0.0002363950
0.493559184000000	0.0002388100
0.493956968000000	0.0002423560
0.494487347000000	0.0002499190
0.494752537000000	0.0002554490
0.495017726000000	0.0002627030
0.495256397000000	0.0002712160
0.495415510000000	0.0002782660
0.495574624000000	0.0002867370
0.495733738000000	0.0002969920
0.495853074000000	0.0003061460
0.495972408000000	0.0003168610
0.496091744000000	0.0003294960
0.496211079000000	0.0003445120
0.496323785000000	0.0003612360
0.496423231000000	0.0003788280
0.496489528000000	0.0003922940
0.496555825000000	0.0004073970
0.496622123000000	0.0004244070
0.496688420000000	0.0004436510
0.496754718000000	0.0004655260
0.496821015000000	0.0004905140
0.496880683000000	0.0005160770
0.496940350000000	0.0005452120
0.496985101000000	0.0005698430
0.497029852000000	0.0005971980
0.497074602000000	0.0006276770
0.497119353000000	0.0006617640
0.497164104000000	0.0007000340
0.497208855000000	0.0007431780
0.497253606000000	0.0007920340
0.497298356000000	0.0008476180
0.497328190000000	0.0008890170
0.497358024000000	0.0009343920
0.497387858000000	0.0009842450
0.497417691000000	0.0010391590
0.497447525000000	0.0010998100
0.497477359000000	0.0011669800
0.497507193000000	0.0012415820
0.497537026000000	0.0013246780
0.497569347000000	0.0014257430
0.497590894000000	0.0015003760
0.497612440000000	0.0015815250
0.497633987000000	0.0016698730
0.497655534000000	0.0017661770
0.497677081000000	0.0018713570
0.497698627000000	0.0019864930
0.497717688000000	0.0020975940
0.497742549000000	0.0022569990
0.497767411000000	0.0024347050
0.497792273000000	0.0026329750
0.497817134000000	0.0028542790
0.497833708000000	0.0030159070
0.497857575000000	0.0032702810
0.497880945000000	0.0035460390
0.497904314000000	0.0038500560
0.497927684000000	0.0041836820
0.497951054000000	0.0045473280
0.497991826000000	0.0052493980
0.498080665000000	0.0069262070
0.498107184000000	0.0073813660
0.498127073000000	0.0076763220
0.498146962000000	0.0079162330
0.498160222000000	0.0080394150
0.498173481000000	0.0081295740
0.498200000000000	0.0082025580
0.498215116000000	0.0081778410
0.498231426000000	0.0080979730
0.498247734000000	0.0079659830
0.498267624000000	0.0077417780
0.498287513000000	0.0074592730
0.498309391000000	0.0070972990
0.498335247000000	0.0066247340
0.498396903000000	0.0054497110
0.498424085000000	0.0049594690
0.498444472000000	0.0046140890
0.498464858000000	0.0042905240
0.498485908000000	0.0039803100
0.498508283000000	0.0036771640
0.498530659000000	0.0034005410
0.498553034000000	0.0031490190
0.498575410000000	0.0029208050
0.498597784000000	0.0027140120
0.498622646000000	0.0025069810
0.498647508000000	0.0023214470
0.498672370000000	0.0021550540
0.498697231000000	0.0020056910
0.498722092000000	0.0018714340
0.498741982000000	0.0017736830
0.498765186000000	0.0016692580
0.498788390000000	0.0015740860
0.498811594000000	0.0014872130
0.498834798000000	0.0014078050
0.498858002000000	0.0013351010
0.498881206000000	0.0012684140
0.498904410000000	0.0012071350
0.498930929000000	0.0011430330
0.498960763000000	0.0010776390
0.498990597000000	0.0010185280
0.499020431000000	0.0009649470
0.499050264000000	0.0009162530
0.499080098000000	0.0008718840
0.499109932000000	0.0008313590
0.499154682000000	0.0007768750
0.499199433000000	0.0007289070
0.499244184000000	0.0006864780
0.499288935000000	0.0006487810
0.499333686000000	0.0006151490
0.499378437000000	0.0005850260
0.499453021000000	0.0005413870
0.499512688000000	0.0005114560
0.499572356000000	0.0004851850
0.499632023000000	0.0004618860
0.499698321000000	0.0004390340
0.499764618000000	0.0004189020
0.499830916000000	0.0004010760
0.499897213000000	0.0003852150
0.499976770000000	0.0003683890
0.500056327000000	0.0003536040
0.500215440000000	0.0003290450
0.500334776000000	0.0003138980
0.500454111000000	0.0003010140
0.500573447000000	0.0002899540
0.500692782000000	0.0002803800
0.500851895000000	0.0002694750
0.501011009000000	0.0002603110
0.501170122000000	0.0002524940
0.501408793000000	0.0002427800
0.501647464000000	0.0002348930
0.501806577000000	0.0002304330
0.502177843000000	0.0002218800
0.502443032000000	0.0002169600
0.502840817000000	0.0002109850
0.503238601000000	0.0002061360
0.503768980000000	0.0002010440
0.504431954000000	0.0001961530
0.505227522000000	0.0001916820
0.506288280000000	0.0001872650
0.507481633000000	0.0001836640
0.508807580000000	0.0001807410
0.510663907000000	0.0001780690
0.512520233000000	0.0001766350
0.514111370000000	0.0001762890
0.516232886000000	0.0001770430
0.517824023000000	0.0001785980
0.519890343000000	0.0001819560
0.519908619000000	0.0001825490
0.519922326000000	0.0001840370
0.519931465000000	0.0001861620
0.519938319000000	0.0001887350
0.519945172000000	0.0001924630
0.519952026000000	0.0001976510
0.519956595000000	0.0002020610
0.519961164000000	0.0002073130
0.519965733000000	0.0002134550
0.519970302000000	0.0002205050
0.519977155000000	0.0002327470
0.519984009000000	0.0002467990
0.519990862000000	0.0002622730
0.520010747000000	0.0003097740
0.520017912000000	0.0003256100
0.520025076000000	0.0003397500
0.520032241000000	0.0003518210
0.520039405000000	0.0003616670
0.520046569000000	0.0003693440
0.520053733000000	0.0003750650
0.520064480000000	0.0003806690
0.520085973000000	0.0003852190
0.520171945000000	0.0003862740
0.595249230000000	0.0003654010
0.683039247000000	0.0003469190
0.800000000000000	0.0003288580
0.900000000000000	0.0003181740
1.000000000000000	0.0003496330
1.426160000000000	0.0003539080
1.434646670000000	0.0003286280
1.443133330000000	0.0003051170
1.453190250000000	0.0002796400
1.461661310000000	0.0002599590
1.471153130000000	0.0002396680
1.481006120000000	0.0002203990
1.487761880000000	0.0002081580
1.500000000000000	0.0001878410
1.554921980000000	0.0001768970
1.604625820000000	0.0001678710
1.669406130000000	0.0001571690
1.725630480000000	0.0001487370
1.790475370000000	0.0001398790
1.862658440000000	0.0001309730
1.930108000000000	0.0001234440
2.000000000000000	0.0001163500
2.500000000000000	0.0001177440
3.000000000000000	0.0001276130
3.500000000000000	0.0001446600
4.000000000000000	0.0001671890
4.296180000000000	0.0001854500
4.410828750000000	0.0001770540
4.500000000000000	0.0001670010
5.000000000000000	0.0001594540
5.456300000000000	0.0001639110
5.500000000000000	0.0001620470
6.000000000000000	0.0001629510
6.263060000000000	0.0001625130
6.500000000000000	0.0001601490
6.702700000000000	0.0001594680
7.000000000000000	0.0001555410
7.500000000000000	0.0001559720
7.656910000000000	0.0001565890
7.871341250000000	0.0001531780
8.000000000000000	0.0001485780
8.073000000000000	0.0001476580
8.140530000000000	0.0001454550
9.000000000000000	0.0001388360
10.000000000000000	0.0001520700
10.420500000000000	0.0001602860
10.710250000000000	0.0001509360
11.000000000000000	0.0001423450
11.173334900000000	0.0001309170
11.320506600000000	0.0001220600
11.486684900000000	0.0001128990
11.660611600000000	0.0001041720
11.780705500000000	0.0000986119
12.173839200000000	0.0000821475
12.321269500000000	0.0000765745
12.487555500000000	0.0000708119
12.661388800000000	0.0000653232
12.781296700000000	0.0000618267
13.174269400000000	0.0000513035
13.321919700000000	0.0000476781
13.488296900000000	0.0000439416
13.662050000000000	0.0000403947
13.781799500000000	0.0000381420
13.926885300000000	0.0000356039
14.174640500000000	0.0000314890
14.322480500000000	0.0000292437
14.488936000000000	0.0000269311
14.662619700000000	0.0000247376
14.782232600000000	0.0000233454
15.000000000000000	0.0000210339
15.174964100000000	0.0000195044
15.322969200000000	0.0000183103
15.489492700000000	0.0000170662
15.669919400000000	0.0000158270
15.834099600000000	0.0000147888
16.175248600000000	0.0000127389
16.323398700000000	0.0000119002
16.489981600000000	0.0000110311
16.663551000000000	0.0000102013
16.854983600000000	0.0000093671
17.000000000000000	0.0000087864
17.121896600000000	0.0000082168
17.276461500000000	0.0000075524
17.406897700000000	0.0000070378
17.553315500000000	0.0000065059
17.705598900000000	0.0000059995
17.810185200000000	0.0000056770
18.000000000000000	0.0000051396
18.229547400000000	0.0000047460
18.419181000000000	0.0000044471
18.624549400000000	0.0000041478
18.811338000000000	0.0000038956
19.000000000000000	0.0000036588
19.337980200000000	0.0000033774
19.571861800000000	0.0000031982
20.000000000000000	0.0000028991
