0.000000000010000	9.5754638900
0.000000000010300	9.4350307200
0.000000000010609	9.2967002900
0.000000000010927	9.1603346200
0.000000000011254	9.0260521400
0.000000000011592	8.8936623300
0.000000000011940	8.7632831700
0.000000000012298	8.6347474800
0.000000000012666	8.5081640100
0.000000000013046	8.3833540300
0.000000000013437	8.2604719400
0.000000000013840	8.1393002800
0.000000000014255	8.0199907600
0.000000000014683	7.9023609000
0.000000000015123	7.7865105300
0.000000000015577	7.6722877600
0.000000000016043	7.5598274500
0.000000000016525	7.4489377500
0.000000000017020	7.3397436300
0.000000000017530	7.2320914600
0.000000000018056	7.1260669500
0.000000000018598	7.0215426700
0.000000000019155	6.9186108800
0.000000000019730	6.8171332500
0.000000000020321	6.7171943300
0.000000000020931	6.6186592300
0.000000000021558	6.5216414800
0.000000000022205	6.4259793200
0.000000000022870	6.3317816200
0.000000000023556	6.2389014900
0.000000000024262	6.1474490200
0.000000000024990	6.0572788000
0.000000000025739	5.9684827500
0.000000000026511	5.8809402600
0.000000000027306	5.7947266000
0.000000000028125	5.7097339600
0.000000000028968	5.6260288900
0.000000000029837	5.5435048100
0.000000000030731	5.4622423600
0.000000000031653	5.3821247000
0.000000000032602	5.3032240200
0.000000000033580	5.2254381300
0.000000000034586	5.1488350700
0.000000000035624	5.0733115100
0.000000000036691	4.9989407400
0.000000000037792	4.9256149600
0.000000000038925	4.8534101700
0.000000000040092	4.7822176400
0.000000000041294	4.7121163300
0.000000000042533	4.6429963900
0.000000000043808	4.5749358700
0.000000000045122	4.5078305000
0.000000000046474	4.4417490500
0.000000000047868	4.3765987100
0.000000000049303	4.3124396100
0.000000000050782	4.2491863500
0.000000000052304	4.1868946500
0.000000000053873	4.1254815200
0.000000000055488	4.0650046000
0.000000000057152	4.0053800100
0.000000000058865	3.9466630400
0.000000000060631	3.8887717900
0.000000000062448	3.8317666800
0.000000000064322	3.7755631700
0.000000000066250	3.7202152100
0.000000000068237	3.6656457900
0.000000000070282	3.6119112600
0.000000000072390	3.5589315500
0.000000000074560	3.5067602800
0.000000000076797	3.4553221500
0.000000000079099	3.4046704900
0.000000000081471	3.3547315000
0.000000000083913	3.3055527600
0.000000000086430	3.2570660200
0.000000000089021	3.2093205800
0.000000000091691	3.1622467700
0.000000000094440	3.1158899400
0.000000000097273	3.0701866900
0.000000000100188	3.0251792700
0.000000000103193	2.9808128100
0.000000000106287	2.9371094000
0.000000000109475	2.8940254500
0.000000000112756	2.8516034500
0.000000000116139	2.8097700700
0.000000000119620	2.7685867700
0.000000000123208	2.7279749000
0.000000000126901	2.6879868900
0.000000000130707	2.6485635600
0.000000000134626	2.6097334600
0.000000000138664	2.5714492700
0.000000000142820	2.5337581700
0.000000000147104	2.4965920400
0.000000000151513	2.4599946900
0.000000000156058	2.4239117500
0.000000000160736	2.3883786300
0.000000000165557	2.3533474400
0.000000000170520	2.3188474800
0.000000000175635	2.2848320900
0.000000000180899	2.2513405400
0.000000000186325	2.2183203200
0.000000000191911	2.1857988800
0.000000000197667	2.1537373400
0.000000000203592	2.1221652900
0.000000000209699	2.0910366400
0.000000000215985	2.0603842200
0.000000000222463	2.0301630900
0.000000000229132	2.0004017300
0.000000000236004	1.9710613500
0.000000000243079	1.9421654700
0.000000000250370	1.9136771800
0.000000000257875	1.8856246100
0.000000000265610	1.8579653600
0.000000000273572	1.8307297700
0.000000000281777	1.8038775500
0.000000000290224	1.7774330600
0.000000000298929	1.7513615000
0.000000000307890	1.7256879200
0.000000000317125	1.7003745000
0.000000000326631	1.6754492100
0.000000000336428	1.6508733500
0.000000000346513	1.6266730600
0.000000000356906	1.6028131600
0.000000000367605	1.5793169000
0.000000000378631	1.5561510100
0.000000000389981	1.5333393800
0.000000000401678	1.5108480900
0.000000000413719	1.4887003700
0.000000000426128	1.4668637900
0.000000000438901	1.4453609100
0.000000000452066	1.4241603900
0.000000000465617	1.4032831600
0.000000000479583	1.3826999100
0.000000000493959	1.3624303800
0.000000000508775	1.3424463600
0.000000000524026	1.3227669300
0.000000000539744	1.3033645800
0.000000000555923	1.2842581600
0.000000000572598	1.2654206300
0.000000000589762	1.2468704800
0.000000000607452	1.2285811300
0.000000000625661	1.2105712400
0.000000000644427	1.1928146400
0.000000000663744	1.1753287500
0.000000000683653	1.1580890700
0.000000000704146	1.1411122500
0.000000000725267	1.1243741900
0.000000000747007	1.1078918700
0.000000000769413	1.0916415700
0.000000000792477	1.0756386100
0.000000000816247	1.0598612800
0.000000000840715	1.0443243100
0.000000000865932	1.0290060600
0.000000000891889	1.0139216500
0.000000000918641	0.9990492840
0.000000000946178	0.9844040790
0.000000000974558	0.9699648140
0.000000001003771	0.9557458310
0.000000001033879	0.9417268840
0.000000001064871	0.9279218910
0.000000001096811	0.9143109650
0.000000001129689	0.9009079680
0.000000001163573	0.8876934360
0.000000001198452	0.8746804810
0.000000001234399	0.8618507140
0.000000001271402	0.8492165380
0.000000001309537	0.8367600550
0.000000001348791	0.8244939070
0.000000001389247	0.8124003340
0.000000001430892	0.8004910100
0.000000001473810	0.7887494640
0.000000001517989	0.7771868920
0.000000001563521	0.7657869620
0.000000001610389	0.7545612070
0.000000001658691	0.7434933410
0.000000001708412	0.7325942100
0.000000001759655	0.7218485090
0.000000001812403	0.7112667210
0.000000001866765	0.7008337430
0.000000001922723	0.6905601260
0.000000001980394	0.6804309000
0.000000002039758	0.6704563450
0.000000002100939	0.6606221150
0.000000002163917	0.6509378320
0.000000002228823	0.6413897860
0.000000002295634	0.6319875470
0.000000002364490	0.6227175260
0.000000002435368	0.6135889490
0.000000002508415	0.6045888520
0.000000002583608	0.5957259750
0.000000002661102	0.5869877920
0.000000002740871	0.5783830330
0.000000002823082	0.5698992500
0.000000002907706	0.5615449840
0.000000002994921	0.5533082510
0.000000003084697	0.5451971290
0.000000003177221	0.5372001430
0.000000003272461	0.5293251990
0.000000003370617	0.5215610250
0.000000003471655	0.5139153350
0.000000003575785	0.5063771890
0.000000003682973	0.4989540870
0.000000003793441	0.4916354240
0.000000003907154	0.4844283960
0.000000004024346	0.4773227980
0.000000004144980	0.4703255820
0.000000004269306	0.4634268500
0.000000004397283	0.4566333320
0.000000004529177	0.4499354270
0.000000004664944	0.4433396940
0.000000004804866	0.4368367780
0.000000004948897	0.4304330670
0.000000005097336	0.4241194660
0.000000005250134	0.4179021780
0.000000005407609	0.4117723640
0.000000005569708	0.4057360910
0.000000005736768	0.3997847240
0.000000005908733	0.3939241890
0.000000006085962	0.3881460960
0.000000006268395	0.3824561580
0.000000006456412	0.3768462700
0.000000006649949	0.3713219880
0.000000006849411	0.3658754150
0.000000007054729	0.3605119590
0.000000007266331	0.3552239610
0.000000007484147	0.3500166330
0.000000007708630	0.3448825680
0.000000007939704	0.3398268520
0.000000008177850	0.3348422690
0.000000008422990	0.3299337180
0.000000008675632	0.3250942480
0.000000008935694	0.3203285960
0.000000009203714	0.3156300100
0.000000009479605	0.3110031030
0.000000009763940	0.3064413030
0.000000010056625	0.3019490950
0.000000010358267	0.2975200930
0.000000010668767	0.2931586700
0.000000010988770	0.2888586070
0.000000011318170	0.2846241510
0.000000011657652	0.2804492700
0.000000012007102	0.2763380940
0.000000012367248	0.2722847540
0.000000012737969	0.2682932630
0.000000013120036	0.2643579310
0.000000013513323	0.2604826350
0.000000013918647	0.2566618670
0.000000014335873	0.2528993920
0.000000014765869	0.2491898550
0.000000015208491	0.2455369140
0.000000015664661	0.2419353690
0.000000016134225	0.2383887760
0.000000016618162	0.2348920800
0.000000017116308	0.2314487380
0.000000017629702	0.2280538390
0.000000018158171	0.2247107440
0.000000018702814	0.2214146790
0.000000019263450	0.2181689090
0.000000019841246	0.2149688030
0.000000020436008	0.2118175290
0.000000021048973	0.2087105930
0.000000021679938	0.2056510620
0.000000022330215	0.2026345820
0.000000022999587	0.1996641260
0.000000023689445	0.1967354720
0.000000024399561	0.1938515030
0.000000025268741	0.1904883770
0.000000025300000	0.1903706660
0.000000026058858	0.1875783480
0.000000026840000	0.1848286420
0.000000027645049	0.1821176350
0.000000028473738	0.1794480040
0.000000029327791	0.1768159470
0.000000030206922	0.1742240670
0.000000031112960	0.1716686710
0.000000032045604	0.1691522820
0.000000033006792	0.1666713230
0.000000033996206	0.1642282350
0.000000035015901	0.1618195430
0.000000036065539	0.1594476250
0.000000037147303	0.1571091020
0.000000038260833	0.1548062740
0.000000039408443	0.1525358620
0.000000040589752	0.1503000990
0.000000041807217	0.1480957980
0.000000043060432	0.1459251280
0.000000044352004	0.1437849850
0.000000045681502	0.1416774810
0.000000047051690	0.1395996010
0.000000048462114	0.1375533940
0.000000049915706	0.1355359390
0.000000051411981	0.1335492240
0.000000052954052	0.1315904170
0.000000054541406	0.1296614520
0.000000056177342	0.1277595840
0.000000057861316	0.1258866990
0.000000059596832	0.1240401280
0.000000061383309	0.1222217110
0.000000063224464	0.1204288580
0.000000065119683	0.1186633560
0.000000067072909	0.1169228490
0.000000069083489	0.1152087680
0.000000071155607	0.1135188260
0.000000073288570	0.1118547000
0.000000075486817	0.1102140230
0.000000077749613	0.1085984170
0.000000080081665	0.1070055810
0.000000082482197	0.1054370820
0.000000084956200	0.1038906780
0.000000087502851	0.1023678850
0.000000090127446	0.1008665200
0.000000092829111	0.0993880520
0.000000095613464	0.0979303620
0.000000098479577	0.0964948780
0.000000101433412	0.0950795470
0.000000104473985	0.0936857650
0.000000107607619	0.0923115460
0.000000110833270	0.0909582540
0.000000114157646	0.0896239690
0.000000117579641	0.0883100170
0.000000121106371	0.0870145370
0.000000124736661	0.0857388160
0.000000128478062	0.0844810460
0.000000132329326	0.0832424750
0.000000136298464	0.0820213440
0.000000140384153	0.0808188660
0.000000144594890	0.0796333350
0.000000148929273	0.0784659310
0.000000153396316	0.0773149990
0.000000157994531	0.0761816820
0.000000162733481	0.0750643680
0.000000167611588	0.0739641560
0.000000172638996	0.0728794640
0.000000177814030	0.0718113430
0.000000183147454	0.0707582410
0.000000188637490	0.0697211710
0.000000194295557	0.0686986350
0.000000200119770	0.0676916320
0.000000206122241	0.0666987290
0.000000212300971	0.0657209170
0.000000218668809	0.0647568210
0.000000225223636	0.0638074100
0.000000231979082	0.0628713460
0.000000238932897	0.0619495630
0.000000246099545	0.0610407540
0.000000253476636	0.0601458180
0.000000261079514	0.0592634820
0.000000268905645	0.0583946160
0.000000276971307	0.0575379840
0.000000285273811	0.0566944330
0.000000293830426	0.0558627660
0.000000302638301	0.0550438120
0.000000311715753	0.0542364190
0.000000321059758	0.0534414040
0.000000330689751	0.0526576510
0.000000340602522	0.0518859360
0.000000350818688	0.0511251400
0.000000361334845	0.0503759680
0.000000372172865	0.0496372950
0.000000383329135	0.0489098080
0.000000394826860	0.0481924570
0.000000406662208	0.0474859650
0.000000418859794	0.0467893590
0.000000431415555	0.0461033550
0.000000444355602	0.0454269960
0.000000457675626	0.0447609600
0.000000471403329	0.0441043010
0.000000485534136	0.0434576690
0.000000500097438	0.0428201420
0.000000515088382	0.0421923480
0.000000530538145	0.0415733930
0.000000546441581	0.0409638880
0.000000562831765	0.0403629640
0.000000579703235	0.0397712130
0.000000597091082	0.0391877920
0.000000614989512	0.0386132790
0.000000633435749	0.0380468550
0.000000652423648	0.0374890910
0.000000671992699	0.0369392160
0.000000692136383	0.0363978110
0.000000712896594	0.0358641330
0.000000734266415	0.0353386820
0.000000756290290	0.0348206170
0.000000778960882	0.0343103530
0.000000802325342	0.0338071380
0.000000826375882	0.0333115120
0.000000851162526	0.0328228210
0.000000876677012	0.0323415810
0.000000902972407	0.0318671150
0.000000930039949	0.0313998940
0.000000957935933	0.0309392520
0.000000986651065	0.0304856430
0.000001011955890	0.0301020210
0.000001040509740	0.0296860660
0.000001069869290	0.0292758610
0.000001100057250	0.0288713270
0.000001131097020	0.0284723860
0.000001163012620	0.0280789640
0.000001195828760	0.0276909970
0.000001229570870	0.0273084560
0.000001264265050	0.0269313440
0.000001299938190	0.0265595990
0.000001336617890	0.0261930030
0.000001374332570	0.0258313090
0.000001413111430	0.0254744330
0.000001452984480	0.0251224030
0.000001515060100	0.0246022400
0.000001579482010	0.0240951860
0.000001646961960	0.0235963080
0.000001716992470	0.0231100050
0.000001790347250	0.0226315420
0.000001866474650	0.0221651510
0.000001946215740	0.0217065120
0.000002028970830	0.0212601170
0.000002115654210	0.0208206470
0.000002205613990	0.0203915560
0.000002299844080	0.0199692710
0.000002397635800	0.0195576370
0.000002500069600	0.0191526460
0.000002606375120	0.0187578710
0.000002717726860	0.0183694660
0.000002833287380	0.0179908540
0.000002995434070	0.0174970360
0.000003166860280	0.0170170900
0.000003348097070	0.0165520100
0.000003539705890	0.0160977050
0.000003742280320	0.0156556640
0.000003956447920	0.0152257890
0.000004182872160	0.0148077430
0.000004422254460	0.0144012140
0.000004741297230	0.0139080910
0.000005012637740	0.0135286070
0.000005373233460	0.0130669860
0.000005760884440	0.0126193390
0.000006175307020	0.0121883520
0.000006620823460	0.0117710610
0.000007197235510	0.0112893140
0.000007823830270	0.0108277700
0.000008504976680	0.0103875170
0.000009374046130	0.0098950510
0.000010190155100	0.0094902800
0.000011077314800	0.0091019300
0.000012211598600	0.0086673350
0.000013459424200	0.0082561640
0.000014837628800	0.0078632990
0.000016584515100	0.0074387380
0.000018537068400	0.0070362980
0.000020150914500	0.0067487770
0.000021905262700	0.0064731940
0.000023812345400	0.0062081390
0.000026245577400	0.0059128910
0.000028933045800	0.0056310650
0.000031451970600	0.0054044370
0.000034190194100	0.0051823690
0.000037166808800	0.0049700930
0.000040402568900	0.0047670350
0.000043920035900	0.0045723280
0.000047743735200	0.0043849850
0.000052622363700	0.0041767090
0.000058010735800	0.0039775380
0.000067597630200	0.0036857100
0.000074519424700	0.0035110710
0.000081007121400	0.0033676550
0.000088059640100	0.0032301050
0.000095726154400	0.0030977330
0.000105507801000	0.0029508470
0.000116311483000	0.0028102320
0.000135533200000	0.0026043500
0.000147332785000	0.0024978320
0.000160159647000	0.0023960470
0.000174103223000	0.0022985350
0.000189260732000	0.0022047880
0.000208414393000	0.0021008810
0.000229710934000	0.0020013210
0.000246283389000	0.0019336650
0.000271449522000	0.0018422240
0.000295082047000	0.0017670610
0.000320772031000	0.0016952410
0.000348698597000	0.0016264400
0.000379056463000	0.0015603030
0.000440654875000	0.0014483040
0.000472354405000	0.0013989440
0.000513477805000	0.0013423060
0.000554045721000	0.0012927040
0.000602281206000	0.0012403310
0.000658173357000	0.0011870020
0.000774749547000	0.0010956720
0.000853916274000	0.0010446090
0.000926953505000	0.0010033630
0.001003055480000	0.0009654160
0.001094170680000	0.0009255180
0.001187856820000	0.0008893140
0.001307463400000	0.0008489740
0.001439360500000	0.0008105660
0.001611871320000	0.0007683340
0.001776578190000	0.0007339630
0.001931247940000	0.0007059010
0.002097259880000	0.0006795550
0.002251581290000	0.0006578870
0.002439845790000	0.0006345260
0.002669604160000	0.0006097690
0.003133910890000	0.0005697480
0.003438318810000	0.0005487750
0.003737660490000	0.0005313490
0.004047134640000	0.0005161280
0.004351542560000	0.0005034600
0.004720723950000	0.0004907880
0.005100322340000	0.0004802490
0.005569174220000	0.0004704020
0.006023668640000	0.0004638170
0.006482397970000	0.0004598810
0.006992561000000	0.0004583670
0.007498509430000	0.0004601230
0.007893080000000	0.0004634200
0.008308845460000	0.0004692400
0.008793599000000	0.0004786210
0.009526477120000	0.0004997920
0.009830885040000	0.0005111810
0.010248904300000	0.0005296320
0.010584937700000	0.0005472130
0.010883607600000	0.0005652800
0.011190705000000	0.0005864320
0.011495156000000	0.0006103730
0.011795329000000	0.0006372720
0.012095502000000	0.0006679170
0.012395675000000	0.0007028790
0.012695848000000	0.0007428700
0.012920977800000	0.0007768670
0.013146107500000	0.0008142370
0.013371237300000	0.0008562830
0.013596367000000	0.0009027040
0.013821496800000	0.0009552420
0.014046626500000	0.0010135610
0.014346799500000	0.0011034930
0.014646972500000	0.0012096530
0.014797059000000	0.0012699930
0.014947145500000	0.0013359390
0.015097232000000	0.0014081730
0.015247318500000	0.0014874810
0.015397405000000	0.0015747780
0.015547491500000	0.0016711240
0.015697578000000	0.0017777580
0.015847664500000	0.0018961370
0.015997751000000	0.0020279740
0.016147837500000	0.0021752280
0.016260402400000	0.0022977140
0.016372967300000	0.0024305760
0.016485532200000	0.0025771120
0.016598097000000	0.0027366500
0.016710661900000	0.0029135240
0.016823226800000	0.0031069880
0.016935791700000	0.0033226970
0.017048356500000	0.0035598330
0.017198443000000	0.0039194610
0.017348529500000	0.0043360720
0.017423572800000	0.0045693250
0.017498616000000	0.0048214570
0.017573659300000	0.0050944010
0.017648702500000	0.0053903220
0.017723745800000	0.0057116420
0.017798789000000	0.0060610730
0.017873832300000	0.0064416500
0.017948875500000	0.0068567660
0.018023918800000	0.0073102110
0.018098962000000	0.0078062090
0.018174005300000	0.0083494510
0.018249048500000	0.0089451180
0.018324091800000	0.0095989060
0.018399135000000	0.0103167540
0.018459169600000	0.0109417300
0.018519204200000	0.0116159100
0.018579238800000	0.0123427450
0.018639273400000	0.0131259250
0.018699308000000	0.0139690410
0.018759342600000	0.0148754210
0.018819377200000	0.0158479150
0.018879411800000	0.0168886050
0.018999481000000	0.0191767460
0.019089532900000	0.0210704250
0.019179584800000	0.0230789990
0.019419723200000	0.0286685970
0.019509775100000	0.0305950140
0.019569809700000	0.0317321270
0.019629844300000	0.0327052990
0.019689878900000	0.0334771350
0.019749913500000	0.0340157870
0.019839965400000	0.0343389330
0.019903001800000	0.0342092450
0.019990051900000	0.0335498400
0.020050086500000	0.0328102080
0.020110121100000	0.0318716200
0.020170155700000	0.0307712940
0.020260207600000	0.0289029190
0.020530363300000	0.0227976730
0.020620415200000	0.0208668690
0.020695458500000	0.0193587000
0.020770501700000	0.0179467850
0.020890570900000	0.0158977220
0.020950605500000	0.0149703410
0.021010640100000	0.0141050530
0.021070674700000	0.0132990130
0.021130709300000	0.0125490090
0.021190743900000	0.0118516390
0.021250778500000	0.0112034490
0.021310813100000	0.0106010240
0.021400865000000	0.0097731530
0.021475908300000	0.0091514860
0.021550951500000	0.0085830070
0.021625994800000	0.0080627960
0.021701038000000	0.0075861730
0.021776081300000	0.0071489070
0.021851124500000	0.0067471850
0.021926167800000	0.0063775810
0.022001211000000	0.0060370210
0.022076254300000	0.0057227540
0.022226340800000	0.0051634900
0.022376427300000	0.0046829940
0.022451470500000	0.0044679600
0.022564035400000	0.0041739990
0.022676600300000	0.0039069720
0.022789165200000	0.0036675970
0.022901730000000	0.0034489900
0.023014294900000	0.0032518320
0.023126859800000	0.0030708900
0.023239424700000	0.0029067930
0.023351989500000	0.0027556050
0.023502076000000	0.0025737720
0.023652162500000	0.0024108930
0.023802249000000	0.0022645440
0.023952335500000	0.0021325950
0.024102422000000	0.0020132390
0.024252508500000	0.0019049430
0.024402595000000	0.0018063950
0.024552681500000	0.0017164720
0.024702768000000	0.0016342060
0.025002941000000	0.0014894060
0.025303114000000	0.0013665240
0.025528243800000	0.0012866000
0.025753373500000	0.0012144360
0.025978503300000	0.0011503720
0.026203633000000	0.0010921340
0.026428762800000	0.0010400360
0.026728935800000	0.0009777760
0.027029108800000	0.0009229180
0.027329281800000	0.0008743540
0.027704498000000	0.0008210450
0.028004671000000	0.0007835860
0.028304844000000	0.0007500090
0.028605017000000	0.0007198170
0.029205363000000	0.0006679810
0.029505536000000	0.0006456800
0.029955795500000	0.0006162060
0.030406055000000	0.0005902390
0.030856314500000	0.0005679360
0.031306574000000	0.0005481970
0.031906920000000	0.0005258390
0.032507266000000	0.0005071210
0.033107612000000	0.0004914770
0.033707958000000	0.0004784570
0.034308304000000	0.0004676970
0.035508996000000	0.0004518700
0.036109342000000	0.0004463840
0.037009861000000	0.0004408970
0.037910380000000	0.0004378960
0.038510726000000	0.0004373920
0.039411245000000	0.0004385870
0.040611937000000	0.0004437190
0.041662542500000	0.0004510870
0.043163407500000	0.0004667320
0.044664272500000	0.0004884360
0.046165137500000	0.0005167540
0.047666002500000	0.0005526000
0.048416435000000	0.0005737460
0.049166867500000	0.0005973190
0.049917300000000	0.0006235730
0.050667732500000	0.0006528140
0.051418165000000	0.0006853990
0.052168597500000	0.0007217530
0.052919030000000	0.0007623810
0.053669462500000	0.0008078920
0.054419895000000	0.0008590140
0.055170327500000	0.0009166220
0.055733151900000	0.0009649790
0.056295976300000	0.0010176800
0.056858800700000	0.0010764290
0.057421625000000	0.0011408430
0.057984449400000	0.0012133180
0.058734881900000	0.0013232090
0.059297706300000	0.0014177550
0.059672922500000	0.0014888650
0.060048138800000	0.0015677780
0.060423355000000	0.0016567940
0.060704767300000	0.0017330980
0.060939277400000	0.0018042030
0.061173787500000	0.0018866340
0.061361395700000	0.0019641390
0.061502101800000	0.0020327050
0.061642807900000	0.0021131990
0.061736611900000	0.0021771760
0.061853867000000	0.0022732810
0.061924220000000	0.0023432070
0.062003559600000	0.0024372410
0.062056452700000	0.0025120910
0.062109345700000	0.0025998980
0.062162238800000	0.0027044120
0.062201908600000	0.0027969670
0.062241578300000	0.0029051770
0.062274636500000	0.0030103300
0.062307694600000	0.0031320740
0.062340752700000	0.0032744030
0.062362791500000	0.0033844470
0.062384830300000	0.0035086300
0.062406869100000	0.0036496440
0.062429077400000	0.0038121880
0.062451455300000	0.0040011550
0.062468238700000	0.0041627920
0.062485022100000	0.0043444090
0.062501805600000	0.0045501680
0.062517750000000	0.0047725320
0.062533275000000	0.0050185580
0.062548800000000	0.0052993740
0.062564325000000	0.0056216580
0.062574675000000	0.0058633710
0.062585025000000	0.0061305610
0.062594512500000	0.0064016590
0.062607450000000	0.0068181440
0.062616075000000	0.0071303620
0.062624700000000	0.0074746250
0.062633325000000	0.0078555150
0.062641950000000	0.0082784680
0.062650575000000	0.0087499720
0.062659200000000	0.0092778030
0.062668515000000	0.0099219360
0.062674725000000	0.0104008530
0.062680935000000	0.0109251930
0.062687145000000	0.0115010150
0.062693355000000	0.0121355920
0.062699565000000	0.0128375090
0.062705775000000	0.0136167080
0.062711122500000	0.0143584040
0.062717850000000	0.0153985530
0.062722335000000	0.0161676420
0.062726820000000	0.0170056500
0.062731305000000	0.0179210650
0.062735790000000	0.0189238100
0.062740275000000	0.0200255810
0.062744760000000	0.0212401990
0.062749935000000	0.0228033630
0.062753385000000	0.0239556360
0.062756835000000	0.0252080270
0.062760285000000	0.0265724990
0.062763735000000	0.0280628430
0.062767185000000	0.0296950490
0.062770635000000	0.0314877610
0.062773740000000	0.0332564130
0.062776500000000	0.0349674650
0.062779260000000	0.0368248690
0.062782020000000	0.0388458970
0.062784780000000	0.0410504560
0.062787540000000	0.0434615880
0.062790300000000	0.0461060960
0.062793060000000	0.0490153190
0.062795561300000	0.0519112280
0.062797803800000	0.0547443000
0.062800046300000	0.0578290520
0.062802288800000	0.0611965650
0.062804531300000	0.0648829220
0.062806773800000	0.0689301970
0.062809016300000	0.0733876700
0.062811258800000	0.0783133300
0.062813242500000	0.0831154600
0.062814967500000	0.0876757400
0.062816692500000	0.0926379250
0.062818417500000	0.0980507380
0.062820142500000	0.1039703070
0.062821867500000	0.1104614520
0.062823592500000	0.1175991730
0.062825317500000	0.1254703800
0.062826870000000	0.1332645610
0.062828250000000	0.1408278870
0.062829630000000	0.1490587480
0.062831010000000	0.1580325550
0.062832390000000	0.1678337410
0.062833770000000	0.1785565140
0.062835150000000	0.1903055080
0.062836530000000	0.2031962610
0.062837823800000	0.2164313060
0.062839031300000	0.2298889550
0.062840238800000	0.2445143830
0.062841446300000	0.2604112920
0.062842653800000	0.2776878280
0.062843861300000	0.2964551770
0.062845068800000	0.3168256770
0.062846276300000	0.3389104000
0.062847354400000	0.3601641450
0.062848777500000	0.3905613700
0.062850200700000	0.4237556680
0.062851623800000	0.4598515800
0.062853046900000	0.4989153300
0.062854470000000	0.5409527270
0.062856195000000	0.5957942800
0.062857920000000	0.6546177980
0.062859645000000	0.7169255810
0.062866562300000	0.9834174430
0.062868684000000	1.0616489400
0.062870754000000	1.1312992500
0.062872134000000	1.1725775000
0.062873514000000	1.2087433100
0.062874894000000	1.2390281800
0.062876274000000	1.2627667400
0.062877654000000	1.2794238400
0.062879103000000	1.2888761700
0.062880000000000	1.2904897900
0.062882208000000	1.2805901700
0.062883588000000	1.2646097300
0.062884968000000	1.2415070400
0.062886624000000	1.2051273700
0.062888280000000	1.1603998000
0.062890350000000	1.0948300200
0.062892420000000	1.0212587700
0.062899233800000	0.7586675630
0.062901735000000	0.6665804050
0.062903460000000	0.6070490730
0.062905185000000	0.5514183410
0.062906478800000	0.5124562540
0.062907858800000	0.4735956050
0.062909281900000	0.4364519210
0.062910705000000	0.4022392920
0.062912128200000	0.3708612350
0.062913551300000	0.3421904850
0.062914500000000	0.3245029220
0.062915765900000	0.3025763330
0.062917031700000	0.2824496400
0.062918297600000	0.2639904770
0.062919563400000	0.2470732820
0.062920829300000	0.2315701200
0.062922095100000	0.2173633040
0.062923360900000	0.2043378640
0.062924626700000	0.1923873810
0.062926149800000	0.1792935240
0.062927672900000	0.1674567410
0.062929196000000	0.1567363630
0.062930719000000	0.1470077350
0.062932242100000	0.1381586520
0.062933765200000	0.1300919330
0.062935288300000	0.1227215060
0.062936811300000	0.1159722130
0.062938552000000	0.1089335180
0.062940292600000	0.1025334480
0.062942033300000	0.0966970440
0.062943773900000	0.0913609050
0.062945514600000	0.0864689800
0.062947255200000	0.0819737490
0.062948995800000	0.0778331040
0.062950736400000	0.0740105620
0.062952912200000	0.0696313690
0.062955088000000	0.0656457060
0.062957263800000	0.0620075310
0.062959439600000	0.0586773560
0.062961615400000	0.0556211530
0.062963791200000	0.0528094730
0.062967054900000	0.0489953510
0.062969557100000	0.0463590890
0.062972385700000	0.0436415010
0.062975214200000	0.0411699370
0.062978042700000	0.0389152060
0.062980871200000	0.0368524340
0.062983699800000	0.0349601990
0.062986528300000	0.0332202130
0.062990771000000	0.0308612630
0.062994687500000	0.0289166890
0.062998603900000	0.0271653800
0.063002520400000	0.0255824720
0.063006436800000	0.0241471270
0.063010353300000	0.0228415130
0.063014269700000	0.0216505470
0.063018186100000	0.0205611980
0.063022102500000	0.0195622410
0.063027430700000	0.0183309690
0.063032758900000	0.0172280900
0.063038087100000	0.0162360720
0.063043415300000	0.0153403360
0.063048743500000	0.0145287650
0.063054071700000	0.0137912000
0.063059399900000	0.0131190040
0.063064728100000	0.0125047420
0.063072157900000	0.0117329230
0.063079587700000	0.0110466160
0.063087017500000	0.0104336680
0.063094447200000	0.0098840160
0.063101877000000	0.0093892480
0.063109306800000	0.0089423260
0.063116736600000	0.0085373060
0.063124166300000	0.0081691710
0.063134568000000	0.0077078330
0.063144969700000	0.0073010140
0.063155371400000	0.0069402570
0.063165773100000	0.0066182200
0.063176174800000	0.0063295580
0.063186576500000	0.0060701420
0.063202179100000	0.0057279700
0.063217781600000	0.0054330940
0.063233384200000	0.0051773200
0.063248986700000	0.0049541620
0.063264589300000	0.0047584210
0.063280191800000	0.0045859020
0.063296537400000	0.0044264280
0.063314368800000	0.0042742080
0.063338144100000	0.0040993490
0.063361919400000	0.0039503000
0.063385694700000	0.0038231750
0.063409470100000	0.0037141500
0.063445133100000	0.0035780820
0.063480796000000	0.0034682130
0.063510515200000	0.0033935770
0.063555093900000	0.0033014270
0.063599672500000	0.0032292340
0.063647223200000	0.0031694960
0.063718549100000	0.0031053430
0.063789875000000	0.0030630930
0.063884976300000	0.0030313970
0.064003852900000	0.0030181220
0.064128673300000	0.0030275170
0.064360482500000	0.0030805920
0.064550685000000	0.0031489230
0.064740887500000	0.0032323480
0.065026191300000	0.0033805820
0.065311495000000	0.0035491830
0.065596798800000	0.0037401610
0.065882102500000	0.0039496090
0.066167406300000	0.0041819130
0.066452710000000	0.0044344750
0.066738013800000	0.0047131090
0.067023317500000	0.0050153840
0.067308621300000	0.0053484360
0.067593925000000	0.0057095360
0.067879228800000	0.0061071310
0.068164532500000	0.0065378440
0.068449836300000	0.0070112560
0.068735140000000	0.0075229030
0.069020443800000	0.0080828690
0.069305747500000	0.0086849560
0.069648112000000	0.0094719430
0.069952436000000	0.0102273410
0.070332841000000	0.0112396050
0.071474056000000	0.0144860210
0.071854461000000	0.0154863030
0.072158785000000	0.0161796530
0.072387028000000	0.0166113360
0.072615271000000	0.0169499380
0.072843514000000	0.0171823920
0.073185878500000	0.0173132130
0.073402709400000	0.0172545170
0.073604324000000	0.0171059690
0.073832567000000	0.0168326400
0.074060810000000	0.0164597340
0.074289053000000	0.0160023610
0.074593377000000	0.0152902510
0.075734592000000	0.0122416000
0.076038916000000	0.0114815140
0.076343240000000	0.0107932830
0.076571483000000	0.0103401000
0.076799726000000	0.0099450330
0.076951888000000	0.0097248350
0.077151600700000	0.0094966280
0.077294252500000	0.0093812440
0.077508230400000	0.0093064950
0.077633050800000	0.0093339910
0.077722208200000	0.0093898380
0.077864860000000	0.0095567340
0.077959961300000	0.0097389980
0.078055062500000	0.0099897050
0.078126388500000	0.0102337430
0.078197714400000	0.0105356120
0.078269040400000	0.0109089520
0.078340366300000	0.0113656610
0.078387916900000	0.0117276250
0.078435467500000	0.0121434730
0.078483018200000	0.0126220800
0.078530568800000	0.0131742500
0.078578119400000	0.0138132480
0.078625670000000	0.0145520870
0.078661333100000	0.0151849060
0.078696996000000	0.0158990950
0.078732659000000	0.0167078730
0.078768321900000	0.0176237180
0.078803984900000	0.0186650570
0.078839647900000	0.0198545730
0.078863423200000	0.0207432490
0.078887198500000	0.0217195480
0.078910973800000	0.0227946720
0.078934749100000	0.0239816320
0.078958524400000	0.0252955970
0.078982299700000	0.0267542400
0.079006075000000	0.0283765350
0.079025293500000	0.0298252410
0.079044511900000	0.0314148040
0.079063730400000	0.0331613840
0.079082948800000	0.0350849540
0.079102167300000	0.0372088840
0.079120104500000	0.0393956500
0.079137401200000	0.0417124450
0.079154697700000	0.0442546090
0.079171994400000	0.0470648670
0.079189291000000	0.0501801040
0.079206587600000	0.0536360050
0.079223884200000	0.0574788790
0.079241180800000	0.0617631030
0.079258477400000	0.0665516600
0.079275774000000	0.0719173990
0.079287305000000	0.0758561800
0.079303145800000	0.0817976200
0.079318258700000	0.0881080810
0.079333371500000	0.0951266520
0.079348484400000	0.1029227720
0.079363597300000	0.1115909890
0.079378178100000	0.1208887510
0.079391694900000	0.1304023690
0.079405211700000	0.1408421590
0.079418728500000	0.1522646250
0.079432245300000	0.1647091190
0.079445762000000	0.1781907220
0.079462527000000	0.1963053570
0.079479292000000	0.2157689320
0.079521204500000	0.2670073550
0.079537969500000	0.2861836600
0.079550543300000	0.2989050820
0.079563117000000	0.3095311600
0.079571499500000	0.3151665230
0.079579882000000	0.3194697900
0.079589102800000	0.3225265890
0.079599664700000	0.3237426140
0.079609556100000	0.3226218080
0.079619866600000	0.3191769100
0.079630177000000	0.3135545340
0.079642750800000	0.3040870160
0.079655324500000	0.2922532130
0.079669155700000	0.2772154020
0.079715888100000	0.2204155600
0.079733072300000	0.2001920360
0.079750256400000	0.1813120680
0.079763144500000	0.1681937220
0.079776032500000	0.1560151230
0.079790178100000	0.1437237010
0.079804323500000	0.1325205910
0.079818469000000	0.1223451690
0.079832614400000	0.1131229930
0.079846759900000	0.1047738340
0.079861953200000	0.0966872650
0.079877670400000	0.0891831210
0.079893387500000	0.0824580160
0.079909104800000	0.0764227200
0.079924821900000	0.0709979060
0.079947873800000	0.0640081420
0.079960447500000	0.0606197970
0.079973021300000	0.0574863410
0.079991881900000	0.0532154380
0.080010742500000	0.0494059730
0.080029603200000	0.0459985370
0.080048463800000	0.0429413180
0.080067324400000	0.0401900090
0.080086185000000	0.0377067250
0.080105045700000	0.0354589750
0.080123906300000	0.0334188620
0.080142766900000	0.0315623070
0.080161627500000	0.0298685120
0.080180488200000	0.0283194370
0.080199348800000	0.0268994280
0.080224496300000	0.0251834700
0.080249643800000	0.0236451040
0.080274791300000	0.0222610250
0.080299938800000	0.0210115630
0.080325086300000	0.0198800460
0.080350233800000	0.0188522760
0.080375381300000	0.0179161160
0.080400528800000	0.0170611530
0.080425676300000	0.0162791730
0.080463397500000	0.0152290010
0.080501118800000	0.0142959230
0.080538840000000	0.0134684220
0.080576561300000	0.0127319960
0.080614282500000	0.0120746410
0.080652003800000	0.0114865110
0.080689725000000	0.0109596120
0.080727446300000	0.0104875590
0.080765167500000	0.0100654140
0.080802888800000	0.0096895970
0.080840610000000	0.0093579070
0.080878331300000	0.0090696990
0.080916052500000	0.0088262980
0.080953773800000	0.0086317990
0.080991495000000	0.0084942860
0.081016642500000	0.0084385180
0.081041790000000	0.0084239220
0.081064841900000	0.0084551320
0.081087893800000	0.0085416000
0.081105182800000	0.0086540230
0.081122471600000	0.0088191830
0.081138712700000	0.0090382990
0.081152858200000	0.0092977530
0.081162288500000	0.0095161070
0.081171718800000	0.0097796760
0.081181149100000	0.0100986620
0.081190579400000	0.0104863720
0.081197652200000	0.0108328660
0.081204724900000	0.0112381550
0.081212000700000	0.0117301740
0.081217121900000	0.0121316860
0.081222243200000	0.0125876150
0.081227364400000	0.0131075220
0.081232485700000	0.0137032440
0.081237606900000	0.0143895220
0.081241447900000	0.0149747260
0.081245288800000	0.0156309860
0.081249129700000	0.0163701220
0.081253386900000	0.0173037960
0.081256363800000	0.0180406380
0.081259340700000	0.0188581290
0.081262317500000	0.0197684930
0.081265294400000	0.0207865130
0.081268271300000	0.0219299830
0.081271248200000	0.0232206700
0.081274225000000	0.0246853730
0.081276660700000	0.0260364430
0.081279096300000	0.0275488050
0.081281531900000	0.0292500210
0.081283358600000	0.0306699190
0.081285185400000	0.0322321220
0.081287012100000	0.0339566610
0.081288838800000	0.0358675150
0.081290665500000	0.0379930480
0.081292492200000	0.0403669990
0.081293710000000	0.0421071800
0.081295198500000	0.0444283410
0.081296686900000	0.0469898870
0.081298175400000	0.0498249860
0.081299663800000	0.0529708780
0.081301152300000	0.0564709430
0.081302640700000	0.0603734840
0.081304129100000	0.0647337370
0.081305245400000	0.0683410660
0.081306226500000	0.0717749920
0.081307444300000	0.0764126060
0.081308662100000	0.0815051530
0.081309879900000	0.0870970910
0.081311097700000	0.0932350300
0.081312315500000	0.0999671520
0.081313533300000	0.1073424580
0.081314751100000	0.1154097910
0.081315833600000	0.1232002480
0.081317254400000	0.1343647860
0.081318675200000	0.1466542550
0.081320096000000	0.1601209320
0.081321516800000	0.1748008240
0.081322937500000	0.1907077650
0.081324561300000	0.2103773390
0.081326185000000	0.2315689220
0.081327808800000	0.2541589720
0.081330109100000	0.2881609070
0.081336631200000	0.3895663590
0.081339012700000	0.4242420800
0.081340690500000	0.4464193970
0.081342314300000	0.4654615000
0.081343938000000	0.4816048770
0.081345724200000	0.4954815140
0.081347402000000	0.5043935970
0.081348484500000	0.5078830570
0.081350000000000	0.5096850440
0.081352273300000	0.5055857740
0.081353897000000	0.4977802730
0.081355196000000	0.4887733070
0.081356495000000	0.4774900400
0.081358118800000	0.4605013740
0.081359742500000	0.4407504650
0.081361434000000	0.4177992270
0.081363869600000	0.3817335700
0.081369755700000	0.2899854680
0.081371988400000	0.2568313880
0.081373747400000	0.2322411890
0.081375506500000	0.2092803800
0.081376825800000	0.1932298460
0.081378145000000	0.1782259580
0.081379227500000	0.1667049460
0.081380310000000	0.1558941290
0.081381392500000	0.1457827120
0.081382475000000	0.1363533010
0.081383557500000	0.1275831130
0.081384640000000	0.1194451200
0.081385722500000	0.1119091160
0.081386805000000	0.1049426810
0.081388158200000	0.0969836440
0.081389511300000	0.0897951750
0.081390864400000	0.0833098840
0.081392217500000	0.0774628500
0.081393570700000	0.0721917380
0.081394923800000	0.0674390810
0.081396276900000	0.0631504370
0.081397630000000	0.0592762260
0.081399050800000	0.0556049800
0.081400471600000	0.0522941030
0.081401892400000	0.0493018030
0.081403313200000	0.0465910810
0.081404734000000	0.0441293390
0.081406154700000	0.0418881160
0.081408049100000	0.0391995620
0.081409943500000	0.0368077870
0.081411837900000	0.0346703870
0.081414002900000	0.0324940220
0.081415829600000	0.0308479110
0.081417656300000	0.0293525730
0.081420091900000	0.0275618880
0.081422527500000	0.0259705460
0.081424963200000	0.0245490550
0.081427398800000	0.0232734460
0.081429834400000	0.0221237850
0.081432270000000	0.0210835520
0.081435111600000	0.0199898830
0.081439847500000	0.0184081560
0.081443636300000	0.0173220610
0.081447425000000	0.0163667770
0.081451213800000	0.0155214890
0.081455002500000	0.0147694860
0.081458791300000	0.0140970980
0.081463967000000	0.0132873380
0.081468127900000	0.0127134970
0.081473675700000	0.0120378040
0.081479223500000	0.0114479580
0.081484771300000	0.0109296250
0.081490319100000	0.0104713290
0.081495866900000	0.0100637910
0.081504188600000	0.0095315430
0.081512036800000	0.0091010100
0.081519648100000	0.0087374970
0.081527259400000	0.0084181040
0.081537407900000	0.0080484750
0.081547556300000	0.0077306760
0.081557704800000	0.0074544500
0.081567853200000	0.0072123630
0.081583075800000	0.0069009470
0.081600328200000	0.0066066800
0.081618595400000	0.0063465800
0.081636862500000	0.0061267340
0.081661218800000	0.0058806950
0.081685575000000	0.0056751810
0.081709931300000	0.0055002920
0.081746465700000	0.0052782970
0.081783000000000	0.0050925650
0.081823593800000	0.0049167850
0.081864187500000	0.0047646580
0.081918312500000	0.0045887620
0.081972437500000	0.0044356620
0.082031975000000	0.0042868230
0.082129400000000	0.0040759400
0.082226825000000	0.0038939630
0.082324250000000	0.0037335490
0.082443325000000	0.0035599380
0.082562400000000	0.0034053810
0.082703125000000	0.0032425420
0.082865500000000	0.0030754980
0.083014222100000	0.0029387600
0.083200588300000	0.0027847420
0.083524364800000	0.0025537470
0.083767197200000	0.0024050570
0.084010029500000	0.0022712080
0.084252861900000	0.0021518450
0.084657582500000	0.0019758730
0.084981359000000	0.0018531410
0.085305135500000	0.0017431520
0.085628911900000	0.0016439590
0.085952688400000	0.0015539840
0.086276464900000	0.0014719660
0.086600241400000	0.0013968820
0.086924017900000	0.0013278910
0.087571570900000	0.0012054890
0.088219123800000	0.0011003450
0.088704788600000	0.0010311570
0.089190453300000	0.0009681230
0.089676118100000	0.0009116020
0.090161782800000	0.0008597940
0.090647447500000	0.0008130400
0.091456888700000	0.0007434990
0.092104441600000	0.0006949500
0.092751994600000	0.0006517130
0.093399547500000	0.0006131950
0.094087479100000	0.0005769140
0.094775410700000	0.0005450020
0.095463342300000	0.0005171930
0.095979291000000	0.0004991000
0.096495239600000	0.0004831550
0.097011188300000	0.0004701210
0.097527136900000	0.0004600950
0.098086081400000	0.0004552350
0.098387051400000	0.0004574340
0.098602030100000	0.0004631400
0.098731017200000	0.0004694170
0.098817008600000	0.0004755620
0.098903000000000	0.0004838750
0.098972000000000	0.0004927780
0.099041000000000	0.0005044720
0.099098500000000	0.0005171160
0.099141625000000	0.0005289920
0.099184750000000	0.0005435560
0.099227875000000	0.0005615580
0.099256625000000	0.0005760680
0.099285375000000	0.0005931770
0.099314125000000	0.0006134660
0.099342875000000	0.0006377610
0.099364437500000	0.0006592680
0.099386000000000	0.0006842450
0.099405406300000	0.0007102280
0.099424812500000	0.0007403300
0.099444218800000	0.0007756860
0.099463625000000	0.0008174440
0.099476562500000	0.0008496010
0.099489500000000	0.0008859040
0.099500281300000	0.0009198570
0.099511062500000	0.0009577230
0.099521843800000	0.0010001170
0.099532625000000	0.0010477600
0.099543406300000	0.0011015430
0.099554187500000	0.0011626270
0.099562273500000	0.0012141100
0.099570359400000	0.0012712540
0.099579343800000	0.0013424260
0.099586531300000	0.0014060850
0.099593718800000	0.0014766520
0.099600906300000	0.0015551660
0.099608093800000	0.0016428710
0.099615281300000	0.0017412700
0.099622468800000	0.0018521810
0.099627859400000	0.0019448910
0.099633250000000	0.0020469960
0.099637921900000	0.0021440980
0.099642593800000	0.0022502430
0.099647265700000	0.0023666050
0.099651937500000	0.0024945580
0.099656609400000	0.0026357380
0.099661281300000	0.0027920710
0.099665953200000	0.0029658540
0.099670625000000	0.0031598280
0.099674218800000	0.0033248380
0.099677812500000	0.0035055150
0.099681406300000	0.0037039510
0.099685000000000	0.0039225770
0.099688593800000	0.0041642970
0.099692187500000	0.0044325350
0.099695781300000	0.0047314330
0.099699375000000	0.0050659580
0.099701890700000	0.0053245440
0.099704406300000	0.0056060130
0.099706921900000	0.0059132610
0.099709437500000	0.0062496650
0.099711953200000	0.0066192190
0.099714468800000	0.0070266190
0.099716984400000	0.0074775330
0.099719500000000	0.0079787990
0.099721512500000	0.0084216220
0.099723525000000	0.0089071460
0.099725537500000	0.0094415460
0.099727550000000	0.0100322820
0.099729562500000	0.0106884460
0.099731575000000	0.0114212390
0.099733084400000	0.0120293890
0.099734593800000	0.0126955560
0.099736390700000	0.0135761640
0.099737971900000	0.0144429250
0.099739553200000	0.0154109210
0.099740739100000	0.0162137880
0.099741925000000	0.0170922800
0.099743111000000	0.0180566900
0.099744296900000	0.0191186400
0.099745482900000	0.0202918980
0.099746668800000	0.0215918870
0.099747854700000	0.0230366170
0.099748896900000	0.0244419280
0.099749867300000	0.0258788470
0.099750837500000	0.0274536590
0.099751807900000	0.0291825390
0.099752778200000	0.0310820400
0.099753748500000	0.0331710000
0.099754718800000	0.0354697490
0.099755689100000	0.0380003120
0.099756659400000	0.0407864080
0.099757629800000	0.0438537580
0.099758600000000	0.0472283590
0.099759606300000	0.0510842390
0.099760612500000	0.0553347740
0.099761618800000	0.0600153450
0.099762625000000	0.0651604760
0.099763631300000	0.0708071470
0.099764637500000	0.0769901680
0.099765643800000	0.0837460860
0.099766650000000	0.0911075540
0.099767512500000	0.0979244700
0.099768375000000	0.1052286850
0.099769237500000	0.1130365790
0.099770100000000	0.1213620570
0.099770962500000	0.1302160810
0.099772256300000	0.1445041480
0.099773550000000	0.1600047740
0.099774843800000	0.1767054200
0.099776137500000	0.1945618370
0.099777431300000	0.2135054520
0.099779300000000	0.2425665470
0.099781600000000	0.2804843870
0.099786343800000	0.3612467250
0.099788787500000	0.4006709050
0.099790225000000	0.4220204490
0.099791518800000	0.4396234150
0.099792812500000	0.4553837450
0.099793991300000	0.4679039140
0.099795170000000	0.4784717190
0.099796722500000	0.4891411200
0.099797815000000	0.4942900650
0.099798965000000	0.4975130560
0.099800000000000	0.4984467020
0.099801035000000	0.4975041130
0.099802185000000	0.4942713910
0.099803680000000	0.4867143370
0.099804858800000	0.4781988280
0.099806037500000	0.4675735780
0.099807331300000	0.4536776420
0.099808625000000	0.4376926030
0.099810062500000	0.4178244060
0.099811500000000	0.3961439610
0.099814087500000	0.3539437110
0.099818975000000	0.2707797880
0.099820915700000	0.2390759180
0.099822209400000	0.2189073810
0.099823503200000	0.1996852780
0.099824868800000	0.1805484520
0.099825946900000	0.1663370670
0.099827025000000	0.1529494520
0.099828103200000	0.1404000740
0.099829181300000	0.1286946660
0.099829900000000	0.1213563490
0.099830906300000	0.1116966260
0.099831912500000	0.1027389670
0.099832918800000	0.0944584920
0.099833925000000	0.0868294530
0.099834931300000	0.0798195980
0.099835937500000	0.0733971380
0.099836943800000	0.0675259750
0.099837950000000	0.0621715520
0.099838812500000	0.0579653620
0.099839675000000	0.0540894470
0.099840537500000	0.0505216650
0.099841400000000	0.0472404330
0.099842262500000	0.0442248760
0.099843125000000	0.0414549470
0.099843987500000	0.0389115190
0.099844850000000	0.0365764530
0.099845712500000	0.0344326400
0.099846575000000	0.0324640240
0.099847498500000	0.0305334070
0.099848543800000	0.0285483330
0.099849589200000	0.0267539190
0.099850634500000	0.0251299670
0.099851679900000	0.0236576470
0.099852725100000	0.0223207400
0.099853770500000	0.0211038770
0.099855512700000	0.0193079790
0.099856906500000	0.0180502210
0.099858300200000	0.0169272360
0.099859606100000	0.0159804120
0.099860912000000	0.0151220710
0.099862217800000	0.0143410400
0.099863523700000	0.0136276280
0.099865264800000	0.0127678040
0.099867006000000	0.0119977320
0.099868747100000	0.0113043690
0.099870488200000	0.0106769400
0.099872229300000	0.0101066160
0.099874492800000	0.0094386820
0.099876756300000	0.0088419300
0.099879019800000	0.0083058820
0.099881283200000	0.0078220710
0.099883546700000	0.0073834960
0.099885810200000	0.0069844120
0.099888073700000	0.0066199950
0.099890337100000	0.0062861880
0.099893471200000	0.0058681240
0.099896605300000	0.0054944830
0.099899739400000	0.0051590080
0.099902873400000	0.0048565500
0.099906007500000	0.0045828000
0.099909141500000	0.0043341760
0.099912275600000	0.0041076260
0.099915409600000	0.0039005810
0.099919240100000	0.0036708040
0.099923070600000	0.0034634560
0.099926901100000	0.0032756740
0.099930731600000	0.0031050430
0.099934562100000	0.0029495100
0.099938392600000	0.0028073220
0.099946053600000	0.0025571560
0.099951625300000	0.0023994100
0.099957196900000	0.0022586880
0.099962768600000	0.0021325950
0.099968340200000	0.0020191640
0.099973911900000	0.0019167470
0.099979483500000	0.0018239660
0.099985055200000	0.0017396450
0.099990626800000	0.0016627850
0.099998074900000	0.0015702180
0.100005523000000	0.0014877410
0.100012972000000	0.0014139280
0.100020420000000	0.0013476230
0.100027869000000	0.0012878270
0.100035317000000	0.0012337250
0.100046489000000	0.0011617140
0.100056781000000	0.0011036190
0.100066633000000	0.0010542670
0.100076485000000	0.0010101790
0.100089621000000	0.0009584030
0.100102757000000	0.0009133420
0.100115893000000	0.0008737860
0.100129029000000	0.0008388520
0.100142165000000	0.0008078870
0.100161868000000	0.0007676820
0.100181572000000	0.0007336190
0.100201276000000	0.0007045160
0.100220980000000	0.0006794610
0.100247252000000	0.0006511530
0.100273524000000	0.0006276140
0.100299796000000	0.0006077950
0.100326068000000	0.0005908100
0.100365475000000	0.0005697560
0.100410513000000	0.0005507050
0.100455550000000	0.0005356400
0.100504341000000	0.0005227180
0.100560638000000	0.0005112200
0.100635700000000	0.0004995400
0.100725775000000	0.0004898990
0.100875900000000	0.0004804860
0.100996000000000	0.0004769790
0.101116100000000	0.0004758770
0.101296250000000	0.0004777630
0.101476400000000	0.0004827170
0.101656550000000	0.0004907580
0.101836700000000	0.0005014140
0.102016850000000	0.0005152260
0.102197000000000	0.0005320830
0.102437200000000	0.0005606550
0.102557300000000	0.0005779520
0.102677400000000	0.0005976150
0.102797500000000	0.0006199400
0.102917600000000	0.0006453700
0.103037700000000	0.0006744420
0.103157800000000	0.0007077210
0.103277900000000	0.0007459470
0.103367975000000	0.0007784550
0.103458050000000	0.0008146090
0.103548125000000	0.0008551790
0.103638200000000	0.0009005550
0.103728275000000	0.0009518000
0.103818350000000	0.0010094920
0.103908425000000	0.0010751370
0.104028525000000	0.0011769140
0.104088575000000	0.0012350750
0.104148625000000	0.0012988670
0.104208675000000	0.0013689870
0.104268725000000	0.0014462330
0.104328775000000	0.0015315270
0.104418850000000	0.0016765810
0.104478900000000	0.0017869480
0.104538950000000	0.0019098390
0.104599000000000	0.0020465970
0.104644038000000	0.0021596130
0.104689075000000	0.0022830920
0.104734113000000	0.0024177640
0.104779150000000	0.0025647810
0.104824188000000	0.0027254620
0.104869225000000	0.0029011860
0.104914263000000	0.0030935020
0.104959300000000	0.0033039960
0.105004338000000	0.0035343950
0.105049375000000	0.0037863740
0.105094413000000	0.0040616510
0.105139450000000	0.0043617000
0.105184488000000	0.0046877420
0.105229525000000	0.0050402070
0.105274563000000	0.0054196070
0.105319600000000	0.0058243580
0.105379650000000	0.0063982420
0.105520768000000	0.0078143710
0.105574813000000	0.0083250780
0.105615347000000	0.0086699490
0.105655880000000	0.0089669140
0.105696414000000	0.0092026750
0.105736948000000	0.0093656240
0.105763970000000	0.0094294470
0.105795196000000	0.0094563470
0.105825522000000	0.0094327900
0.105866055000000	0.0093275370
0.105906589000000	0.0091428230
0.105947123000000	0.0088884970
0.105987657000000	0.0085766480
0.106028190000000	0.0082208180
0.106082235000000	0.0077013240
0.106226355000000	0.0062568000
0.106286405000000	0.0056911320
0.106331443000000	0.0052937680
0.106376480000000	0.0049222030
0.106419266000000	0.0045941800
0.106462052000000	0.0042897500
0.106505588000000	0.0040037500
0.106550625000000	0.0037318850
0.106595663000000	0.0034829160
0.106640700000000	0.0032551480
0.106685738000000	0.0030468940
0.106730775000000	0.0028564680
0.106775813000000	0.0026822920
0.106820850000000	0.0025228600
0.106865888000000	0.0023768050
0.106910925000000	0.0022428500
0.106955963000000	0.0021198570
0.107008507000000	0.0019894170
0.107064804000000	0.0018623960
0.107121100000000	0.0017474120
0.107181150000000	0.0016366420
0.107241200000000	0.0015366760
0.107301250000000	0.0014462300
0.107361300000000	0.0013641890
0.107421350000000	0.0012895880
0.107481400000000	0.0012215870
0.107541450000000	0.0011594580
0.107601500000000	0.0011025610
0.107721600000000	0.0010023140
0.107811675000000	0.0009373010
0.107901750000000	0.0008793420
0.107991825000000	0.0008277680
0.108081900000000	0.0007814200
0.108171975000000	0.0007398460
0.108262050000000	0.0007022160
0.108352125000000	0.0006682180
0.108442200000000	0.0006372450
0.108562300000000	0.0006002020
0.108682400000000	0.0005672950
0.108802500000000	0.0005379550
0.108922600000000	0.0005116460
0.109042700000000	0.0004879170
0.109162800000000	0.0004664650
0.109403000000000	0.0004292660
0.109583150000000	0.0004055750
0.109763300000000	0.0003845560
0.109943450000000	0.0003660980
0.110123600000000	0.0003495290
0.110303750000000	0.0003347950
0.110604000000000	0.0003133030
0.110844200000000	0.0002984660
0.111084400000000	0.0002853270
0.111324600000000	0.0002736110
0.111805000000000	0.0002536020
0.112165300000000	0.0002410330
0.112525600000000	0.0002299070
0.112885900000000	0.0002201860
0.113366300000000	0.0002087680
0.113786650000000	0.0002000540
0.114207000000000	0.0001921560
0.114807500000000	0.0001822890
0.115408000000000	0.0001736530
0.116008500000000	0.0001660040
0.116609000000000	0.0001591590
0.117810000000000	0.0001473450
0.118710750000000	0.0001398060
0.119611500000000	0.0001330280
0.120512250000000	0.0001270160
0.121713250000000	0.0001198330
0.122914250000000	0.0001134760
0.125016000000000	0.0001038980
0.126217000000000	0.0000991545
0.128619000000000	0.0000908995
0.131021000000000	0.0000839663
0.132822500000000	0.0000794895
0.134624000000000	0.0000754592
0.136425500000000	0.0000719059
0.138227000000000	0.0000686887
0.140028500000000	0.0000658378
0.142430500000000	0.0000624648
0.144832500000000	0.0000595429
0.146634000000000	0.0000576022
0.149036000000000	0.0000553401
0.151438000000000	0.0000533969
0.153840000000000	0.0000517412
0.156242000000000	0.0000503475
0.158644000000000	0.0000491956
0.161046000000000	0.0000482692
0.163448000000000	0.0000475561
0.166750750000000	0.0000469210
0.171254500000000	0.0000466224
0.173956750000000	0.0000467933
0.176659000000000	0.0000471883
0.179361250000000	0.0000478711
0.182664000000000	0.0000490464
0.185066000000000	0.0000501884
0.187468000000000	0.0000515840
0.189870000000000	0.0000532564
0.192272000000000	0.0000552347
0.194674000000000	0.0000575556
0.197076000000000	0.0000602659
0.199478000000000	0.0000634287
0.201342004000000	0.0000662761
0.203206007000000	0.0000694916
0.204448676000000	0.0000719603
0.205691345000000	0.0000748278
0.206312680000000	0.0000765213
0.207089348000000	0.0000791443
0.207555349000000	0.0000812087
0.207943683000000	0.0000835673
0.208176683000000	0.0000854596
0.208332017000000	0.0000870687
0.208526185000000	0.0000896602
0.208642685000000	0.0000916813
0.208759185000000	0.0000942322
0.208836852000000	0.0000963243
0.208914519000000	0.0000988426
0.208992186000000	0.0001019230
0.209050436000000	0.0001046540
0.209108685000000	0.0001079670
0.209166936000000	0.0001119760
0.209205769000000	0.0001151360
0.209244603000000	0.0001187840
0.209283436000000	0.0001230280
0.209322270000000	0.0001279990
0.209361103000000	0.0001338520
0.209390228000000	0.0001390140
0.209419352000000	0.0001449890
0.209447464000000	0.0001516650
0.209475575000000	0.0001593940
0.209494316000000	0.0001652710
0.209513057000000	0.0001718560
0.209531798000000	0.0001792570
0.209550539000000	0.0001876060
0.209569280000000	0.0001970690
0.209589470000000	0.0002087530
0.209602930000000	0.0002175600
0.209616390000000	0.0002273220
0.209629850000000	0.0002381820
0.209643310000000	0.0002503140
0.209656770000000	0.0002639220
0.209670230000000	0.0002792450
0.209681587000000	0.0002937250
0.209695468000000	0.0003136920
0.209704722000000	0.0003286260
0.209713975000000	0.0003450660
0.209723229000000	0.0003632300
0.209732483000000	0.0003833630
0.209741737000000	0.0004057600
0.209750990000000	0.0004307730
0.209761085000000	0.0004615510
0.209767815000000	0.0004844150
0.209774545000000	0.0005094310
0.209781275000000	0.0005368810
0.209788005000000	0.0005670930
0.209794735000000	0.0006004540
0.209801465000000	0.0006374230
0.209807354000000	0.0006731590
0.209812402000000	0.0007066510
0.209817449000000	0.0007431130
0.209822497000000	0.0007829300
0.209827544000000	0.0008265200
0.209832592000000	0.0008744070
0.209837639000000	0.0009271710
0.209842687000000	0.0009855370
0.209847314000000	0.0010446640
0.209851520000000	0.0011037460
0.209855726000000	0.0011686130
0.209859932000000	0.0012400690
0.209864139000000	0.0013190940
0.209868345000000	0.0014067990
0.209872551000000	0.0015045900
0.209875706000000	0.0015855730
0.209878860000000	0.0016740140
0.209881805000000	0.0017642480
0.209884749000000	0.0018628500
0.209887694000000	0.0019710750
0.209890638000000	0.0020902930
0.209893583000000	0.0022223690
0.209896527000000	0.0023694560
0.209898735000000	0.0024913500
0.209900943000000	0.0026248380
0.209903572000000	0.0028015420
0.209905886000000	0.0029761140
0.209908199000000	0.0031721480
0.209909935000000	0.0033361570
0.209911669000000	0.0035170760
0.209913405000000	0.0037182650
0.209915140000000	0.0039429700
0.209916875000000	0.0041956350
0.209918610000000	0.0044815190
0.209919767000000	0.0046937170
0.209920923000000	0.0049254800
0.209922343000000	0.0052408730
0.209923763000000	0.0055950920
0.209925183000000	0.0059942360
0.209926129000000	0.0062885060
0.209927075000000	0.0066081450
0.209928021000000	0.0069557050
0.209928968000000	0.0073343880
0.209929914000000	0.0077464350
0.209930861000000	0.0081960280
0.209931807000000	0.0086858030
0.209932754000000	0.0092206850
0.209933700000000	0.0098037340
0.209934646000000	0.0104400020
0.209935592000000	0.0111343300
0.209936486000000	0.0118485250
0.209937328000000	0.0125770040
0.209938169000000	0.0133628720
0.209939010000000	0.0142112940
0.209939851000000	0.0151268280
0.209940693000000	0.0161154700
0.209941534000000	0.0171798730
0.209942375000000	0.0183263750
0.209943216000000	0.0195603880
0.209944058000000	0.0208891510
0.209944899000000	0.0223152970
0.209945740000000	0.0238462940
0.209946581000000	0.0254882310
0.209947423000000	0.0272494830
0.209948264000000	0.0291321790
0.209949105000000	0.0311447110
0.209950156000000	0.0338520440
0.209951103000000	0.0364840500
0.209952049000000	0.0393048980
0.209952996000000	0.0423294190
0.209953942000000	0.0455598300
0.209954889000000	0.0490112280
0.209955835000000	0.0526841350
0.209957097000000	0.0579467340
0.209958359000000	0.0636379840
0.209959620000000	0.0697656030
0.209960630000000	0.0749980040
0.209962144000000	0.0833895570
0.209963658000000	0.0924417940
0.209965173000000	0.1021561010
0.209966687000000	0.1125038380
0.209968454000000	0.1253524240
0.209969968000000	0.1369758350
0.209972239000000	0.1553458530
0.209975099000000	0.1797273330
0.209982166000000	0.2417145220
0.209984858000000	0.2639539510
0.209987213000000	0.2818108580
0.209989232000000	0.2955075950
0.209990999000000	0.3060102500
0.209992514000000	0.3137584800
0.209994280000000	0.3211775620
0.209995878000000	0.3262833790
0.209997308000000	0.3294884870
0.210000000000000	0.3318911520
0.210001615000000	0.3310206390
0.210003365000000	0.3281343400
0.210004880000000	0.3240445330
0.210006562000000	0.3178480120
0.210008413000000	0.3091407180
0.210010180000000	0.2991427350
0.210012114000000	0.2865326680
0.210014302000000	0.2704962440
0.210016825000000	0.2502008000
0.210025574000000	0.1738688380
0.210027762000000	0.1553170360
0.210030033000000	0.1369510170
0.210031547000000	0.1253303720
0.210033314000000	0.1124850180
0.210034828000000	0.1021399900
0.210036342000000	0.0924344860
0.210037857000000	0.0833785170
0.210039371000000	0.0749892550
0.210040380000000	0.0697633100
0.210041642000000	0.0636323000
0.210042904000000	0.0579425490
0.210044166000000	0.0526812970
0.210045113000000	0.0490055400
0.210046059000000	0.0455587320
0.210047006000000	0.0423257650
0.210047952000000	0.0393052140
0.210048899000000	0.0364820800
0.210049845000000	0.0338534720
0.210050844000000	0.0312754560
0.210051948000000	0.0286502180
0.210053052000000	0.0262458800
0.210054156000000	0.0240480950
0.210055260000000	0.0220427590
0.210056364000000	0.0202161170
0.210057469000000	0.0185534180
0.210058573000000	0.0170448510
0.210059677000000	0.0156765920
0.210060781000000	0.0144370020
0.210061885000000	0.0133150770
0.210062727000000	0.0125320670
0.210063673000000	0.0117214190
0.210064620000000	0.0109775280
0.210065566000000	0.0102965070
0.210066513000000	0.0096717980
0.210067459000000	0.0090999520
0.210068405000000	0.0085758460
0.210069351000000	0.0080953630
0.210070298000000	0.0076542470
0.210071244000000	0.0072499070
0.210072191000000	0.0068782390
0.210073137000000	0.0065370480
0.210074084000000	0.0062228720
0.210075503000000	0.0057979660
0.210076922000000	0.0054214420
0.210078026000000	0.0051577360
0.210079288000000	0.0048838110
0.210080550000000	0.0046358210
0.210081812000000	0.0044106240
0.210083074000000	0.0042054720
0.210084967000000	0.0039301770
0.210086860000000	0.0036878540
0.210088752000000	0.0034730860
0.210090645000000	0.0032811760
0.210092538000000	0.0031086260
0.210094431000000	0.0029525050
0.210096324000000	0.0028104320
0.210098322000000	0.0026735780
0.210100530000000	0.0025358030
0.210102738000000	0.0024102110
0.210104947000000	0.0022951140
0.210107891000000	0.0021558580
0.210110836000000	0.0020304310
0.210113780000000	0.0019169210
0.210116724000000	0.0018136840
0.210119668000000	0.0017194110
0.210123033000000	0.0016212560
0.210126819000000	0.0015214760
0.210130605000000	0.0014314750
0.210134391000000	0.0013499620
0.210138176000000	0.0012758810
0.210141962000000	0.0012082920
0.210145747000000	0.0011464670
0.210149533000000	0.0010897230
0.210154160000000	0.0010264880
0.210159628000000	0.0009593260
0.210165096000000	0.0008992440
0.210170564000000	0.0008452610
0.210176032000000	0.0007965620
0.210181500000000	0.0007524680
0.210186968000000	0.0007124040
0.210192436000000	0.0006758850
0.210198535000000	0.0006388310
0.210205265000000	0.0006018850
0.210211995000000	0.0005685480
0.210218725000000	0.0005383600
0.210225455000000	0.0005109360
0.210232185000000	0.0004859460
0.210238915000000	0.0004631080
0.210249010000000	0.0004323700
0.210258264000000	0.0004073930
0.210267518000000	0.0003850350
0.210276772000000	0.0003649420
0.210286025000000	0.0003468210
0.210295279000000	0.0003304200
0.210304533000000	0.0003155270
0.210318414000000	0.0002956220
0.210329770000000	0.0002811970
0.210343230000000	0.0002659350
0.210356690000000	0.0002523910
0.210370150000000	0.0002403230
0.210383610000000	0.0002295260
0.210397070000000	0.0002198290
0.210410530000000	0.0002110880
0.210430720000000	0.0001995020
0.210449813000000	0.0001899660
0.210468905000000	0.0001815840
0.210487998000000	0.0001741790
0.210507090000000	0.0001676090
0.210535729000000	0.0001590660
0.210564368000000	0.0001518030
0.210594433000000	0.0001452920
0.210627350000000	0.0001392400
0.210660267000000	0.0001341120
0.210693184000000	0.0001296840
0.210737074000000	0.0001246860
0.210778525000000	0.0001207420
0.210837044000000	0.0001161730
0.210895564000000	0.0001125040
0.210993096000000	0.0001078530
0.211071122000000	0.0001050660
0.211149148000000	0.0001028560
0.211266187000000	0.0001003610
0.211383226000000	0.0000985432
0.211617304000000	0.0000962581
0.211773355000000	0.0000953490
0.212007433000000	0.0000945756
0.212397563000000	0.0000941763
0.212865719000000	0.0000945461
0.213645978000000	0.0000960735
0.214270185000000	0.0000977626
0.215787800000000	0.0001027820
0.217138750000000	0.0001080110
0.218365000000000	0.0001132570
0.219897813000000	0.0001206020
0.219926554000000	0.0001209920
0.219932941000000	0.0001214880
0.219937731000000	0.0001222910
0.219942521000000	0.0001238010
0.219945714000000	0.0001254410
0.219948907000000	0.0001278260
0.219951303000000	0.0001302600
0.219953698000000	0.0001333930
0.219956093000000	0.0001373780
0.219958488000000	0.0001423840
0.219960883000000	0.0001485960
0.219962480000000	0.0001535050
0.219964077000000	0.0001590970
0.219965674000000	0.0001654320
0.219967270000000	0.0001725630
0.219968867000000	0.0001805580
0.219970463000000	0.0001894600
0.219972060000000	0.0001993300
0.219973656000000	0.0002101980
0.219975253000000	0.0002221150
0.219976850000000	0.0002351010
0.219978447000000	0.0002491760
0.219980043000000	0.0002643340
0.219982438000000	0.0002891170
0.219984833000000	0.0003162740
0.219987227000000	0.0003456490
0.219989623000000	0.0003770710
0.219992816000000	0.0004216000
0.220004548000000	0.0005971380
0.220009094000000	0.0006626090
0.220012125000000	0.0007032740
0.220015156000000	0.0007408150
0.220018187000000	0.0007747860
0.220021218000000	0.0008049190
0.220024249000000	0.0008311190
0.220027281000000	0.0008534550
0.220030312000000	0.0008721070
0.220034859000000	0.0008938650
0.220039405000000	0.0009092850
0.220045467000000	0.0009223430
0.220051530000000	0.0009295290
0.220060623000000	0.0009341970
0.220090933000000	0.0009359980
0.236587971000000	0.0008850930
0.254600425000000	0.0008366420
0.267546047000000	0.0008047760
0.292840629000000	0.0007506260
0.322370980000000	0.0006987450
0.347189600000000	0.0006617770
0.376448635000000	0.0006236750
0.400000000000000	0.0005965460
0.431889662000000	0.0005658760
0.469490182000000	0.0005342920
0.500000000000000	0.0005116360
0.549156484000000	0.0004820240
0.608720000000000	0.0004512820
0.630358609000000	0.0004317650
0.664267285000000	0.0004040520
0.700000000000000	0.0003781220
0.758889125000000	0.0003570560
0.800000000000000	0.0003436860
0.900000000000000	0.0003193640
1.014150000000000	0.0003060170
1.103396040000000	0.0002873060
1.170297250000000	0.0002748660
1.249585660000000	0.0002616390
1.340508090000000	0.0002481470
1.500000000000000	0.0002279060
1.676870000000000	0.0002182550
1.747576730000000	0.0002038370
1.807526570000000	0.0001927690
1.874042530000000	0.0001815760
1.935997170000000	0.0001720590
2.000000000000000	0.0001630430
2.175751320000000	0.0001519020
2.296381770000000	0.0001448170
2.500000000000000	0.0001344020
2.848220000000000	0.0001274810
2.914180000000000	0.0001236040
3.000000000000000	0.0001195140
3.500000000000000	0.0001105080
3.542670000000000	0.0001102900
3.551510000000000	0.0001093520
4.000000000000000	0.0001003750
4.065560000000000	0.0000999316
4.223480000000000	0.0000971571
4.449660000000000	0.0000924321
4.535390000000000	0.0000912629
5.000000000000000	0.0000868711
5.500000000000000	0.0000805923
6.000000000000000	0.0000775762
6.500000000000000	0.0000838683
7.000000000000000	0.0000921962
7.500000000000000	0.0001017010
8.000000000000000	0.0001129560
8.322960000000000	0.0001178120
8.654862220000000	0.0001099450
9.000000000000000	0.0001026000
9.119314540000000	0.0000952588
9.225011600000000	0.0000892656
9.359699970000000	0.0000822598
9.473938780000000	0.0000768208
9.602801030000000	0.0000711859
9.737526260000000	0.0000658075
9.830466490000000	0.0000623752
10.119850200000000	0.0000525641
10.225896900000000	0.0000492373
10.360863100000000	0.0000453502
10.475192300000000	0.0000423339
10.603998900000000	0.0000392102
10.738489800000000	0.0000362302
10.831164800000000	0.0000343293
10.943431200000000	0.0000321794
11.059983300000000	0.0000301289
11.173334900000000	0.0000282943
11.320506600000000	0.0000261026
11.403293000000000	0.0000249567
11.549628800000000	0.0000230711
11.702504600000000	0.0000212756
11.807896700000000	0.0000201322
11.935620800000000	0.0000188409
12.120666700000000	0.0000170783
12.274167200000000	0.0000157360
12.404133900000000	0.0000146940
12.550489700000000	0.0000136145
12.703228000000000	0.0000125844
12.808432200000000	0.0000119271
13.000000000000000	0.0000108293
13.174269400000000	0.0000100026
13.321919700000000	0.0000093595
13.488296900000000	0.0000086919
13.662050000000000	0.0000080532
13.854152500000000	0.0000074099
14.000000000000000	0.0000069614
14.174640500000000	0.0000065037
14.322480500000000	0.0000061438
14.488936000000000	0.0000057665
14.669428500000000	0.0000053879
15.000000000000000	0.0000047679
15.243982500000000	0.0000044015
15.499746500000000	0.0000040532
15.676587100000000	0.0000038316
16.000000000000000	0.0000034628
16.244345500000000	0.0000032218
16.430050300000000	0.0000030521
16.712595700000000	0.0000028142
17.000000000000000	0.0000025948
17.244667200000000	0.0000023918
17.500668900000000	0.0000021990
17.677391000000000	0.0000020766
18.000000000000000	0.0000018731
18.337669100000000	0.0000017249
18.571522700000000	0.0000016306
18.856086900000000	0.0000015243
19.245212000000000	0.0000013890
19.571861800000000	0.0000012852
20.000000000000000	0.0000011631
