0.000000000010000	1.9269035900
0.000000000010300	1.8986437400
0.000000000010609	1.8708070300
0.000000000010927	1.8433657000
0.000000000011254	1.8163435700
0.000000000011592	1.7897023200
0.000000000011940	1.7634656700
0.000000000012298	1.7375999900
0.000000000012666	1.7121271600
0.000000000013046	1.6870112200
0.000000000013437	1.6622832300
0.000000000013840	1.6378994400
0.000000000014255	1.6138903700
0.000000000014683	1.5902193100
0.000000000015123	1.5669063400
0.000000000015577	1.5439209000
0.000000000016043	1.5212901300
0.000000000016525	1.4989754100
0.000000000017020	1.4770019000
0.000000000017530	1.4553386800
0.000000000018056	1.4340030000
0.000000000018598	1.4129692200
0.000000000019155	1.3922559100
0.000000000019730	1.3718352100
0.000000000020321	1.3517241600
0.000000000020931	1.3318956000
0.000000000021558	1.3123723900
0.000000000022205	1.2931219600
0.000000000022870	1.2741662300
0.000000000023556	1.2554756400
0.000000000024262	1.2370723500
0.000000000024990	1.2189270800
0.000000000025739	1.2010583500
0.000000000026511	1.1834418700
0.000000000027306	1.1660928000
0.000000000028125	1.1489894400
0.000000000028968	1.1321451800
0.000000000029837	1.1155385700
0.000000000030731	1.0991858500
0.000000000031653	1.0830635000
0.000000000032602	1.0671860400
0.000000000033580	1.0515329200
0.000000000034586	1.0361178200
0.000000000035624	1.0209199500
0.000000000036691	1.0059540700
0.000000000037792	0.9911984690
0.000000000038925	0.9766684500
0.000000000040092	0.9623421320
0.000000000041294	0.9482354030
0.000000000042533	0.9343261610
0.000000000043808	0.9206301070
0.000000000045122	0.9071262610
0.000000000046474	0.8938284650
0.000000000047868	0.8807180370
0.000000000049303	0.8678070790
0.000000000050782	0.8550784080
0.000000000052304	0.8425432350
0.000000000053873	0.8301848590
0.000000000055488	0.8180148790
0.000000000057152	0.8060164190
0.000000000058865	0.7942006000
0.000000000060631	0.7825509440
0.000000000062448	0.7710796090
0.000000000064322	0.7597695840
0.000000000066250	0.7486317220
0.000000000068237	0.7376505310
0.000000000070282	0.7268373450
0.000000000072390	0.7161760560
0.000000000074560	0.7056774520
0.000000000076797	0.6953263790
0.000000000079099	0.6851335710
0.000000000081471	0.6750841760
0.000000000083913	0.6651877700
0.000000000086430	0.6554306150
0.000000000089021	0.6458226360
0.000000000091691	0.6363498110
0.000000000094440	0.6270212660
0.000000000097273	0.6178242430
0.000000000100188	0.6087672460
0.000000000103193	0.5998392300
0.000000000106287	0.5910446430
0.000000000109475	0.5823747100
0.000000000112756	0.5738379850
0.000000000116139	0.5654197090
0.000000000119620	0.5571322520
0.000000000123208	0.5489597850
0.000000000126901	0.5409128610
0.000000000130707	0.5329795680
0.000000000134626	0.5251656540
0.000000000138664	0.5174615940
0.000000000142820	0.5098768830
0.000000000147104	0.5023978160
0.000000000151513	0.4950332040
0.000000000156058	0.4877721110
0.000000000160736	0.4806216580
0.000000000165557	0.4735722100
0.000000000170520	0.4666296650
0.000000000175635	0.4597846310
0.000000000180899	0.4530450100
0.000000000186325	0.4464002390
0.000000000191911	0.4398558360
0.000000000197667	0.4334039820
0.000000000203592	0.4270506290
0.000000000209699	0.4207865050
0.000000000215985	0.4146182110
0.000000000222463	0.4085367100
0.000000000229132	0.4025477290
0.000000000236004	0.3966434620
0.000000000243079	0.3908286460
0.000000000250370	0.3850958490
0.000000000257875	0.3794507320
0.000000000265610	0.3738847670
0.000000000273572	0.3684040560
0.000000000281777	0.3630004900
0.000000000290224	0.3576789730
0.000000000298929	0.3524325050
0.000000000307890	0.3472661220
0.000000000317125	0.3421722140
0.000000000326631	0.3371564120
0.000000000336428	0.3322109270
0.000000000346513	0.3273410200
0.000000000356906	0.3225396090
0.000000000367605	0.3178113760
0.000000000378631	0.3131496240
0.000000000389981	0.3085591620
0.000000000401678	0.3040331620
0.000000000413719	0.2995763000
0.000000000426128	0.2951820490
0.000000000438901	0.2908549500
0.000000000452066	0.2865886950
0.000000000465617	0.2823874990
0.000000000479583	0.2782454610
0.000000000493959	0.2741665540
0.000000000508775	0.2701451010
0.000000000524026	0.2661849400
0.000000000539744	0.2622805380
0.000000000555923	0.2584356890
0.000000000572598	0.2546449470
0.000000000589762	0.2509120360
0.000000000607452	0.2472316070
0.000000000625661	0.2436074140
0.000000000644427	0.2400341930
0.000000000663744	0.2365154460
0.000000000683653	0.2330462460
0.000000000704146	0.2296299410
0.000000000725267	0.2262616840
0.000000000747007	0.2229448890
0.000000000769413	0.2196747860
0.000000000792477	0.2164544550
0.000000000816247	0.2132795290
0.000000000840715	0.2101529710
0.000000000865932	0.2070704260
0.000000000891889	0.2040349380
0.000000000918641	0.2010421210
0.000000000946178	0.1980950160
0.000000000974558	0.1951893520
0.000000001003771	0.1923280170
0.000000001033879	0.1895069360
0.000000001064871	0.1867289100
0.000000001096811	0.1839899360
0.000000001129689	0.1812928050
0.000000001163573	0.1786335990
0.000000001198452	0.1760149570
0.000000001234399	0.1734331780
0.000000001271402	0.1708907590
0.000000001309537	0.1683840980
0.000000001348791	0.1659157390
0.000000001389247	0.1634821070
0.000000001430892	0.1610855530
0.000000001473810	0.1587227610
0.000000001517989	0.1563959850
0.000000001563521	0.1541019370
0.000000001610389	0.1518429400
0.000000001658691	0.1496157150
0.000000001708412	0.1474224450
0.000000001759655	0.1452600500
0.000000001812403	0.1431306400
0.000000001866765	0.1410311760
0.000000001922723	0.1389637800
0.000000001980394	0.1369254410
0.000000002039758	0.1349182270
0.000000002100939	0.1329392510
0.000000002163917	0.1309904490
0.000000002228823	0.1290690630
0.000000002295634	0.1271770170
0.000000002364490	0.1253115790
0.000000002435368	0.1234746040
0.000000002508415	0.1216634830
0.000000002583608	0.1198799750
0.000000002661102	0.1181215610
0.000000002740871	0.1163899950
0.000000002823082	0.1146827740
0.000000002907706	0.1130016160
0.000000002994921	0.1113441090
0.000000003084697	0.1097118800
0.000000003177221	0.1081026190
0.000000003272461	0.1065179170
0.000000003370617	0.1049555050
0.000000003471655	0.1034169360
0.000000003575785	0.1019000090
0.000000003682973	0.1004062320
0.000000003793441	0.0989334720
0.000000003907154	0.0974831770
0.000000004024346	0.0960532920
0.000000004144980	0.0946452180
0.000000004269306	0.0932569620
0.000000004397283	0.0918898790
0.000000004529177	0.0905420360
0.000000004664944	0.0892147540
0.000000004804866	0.0879061490
0.000000004948897	0.0866175080
0.000000005097336	0.0853470000
0.000000005250134	0.0840958730
0.000000005407609	0.0828623490
0.000000005569708	0.0816476490
0.000000005736768	0.0804500350
0.000000005908733	0.0792706990
0.000000006085962	0.0781079530
0.000000006268395	0.0769629470
0.000000006456412	0.0758340490
0.000000006649949	0.0747223790
0.000000006849411	0.0736263450
0.000000007054729	0.0725470380
0.000000007266331	0.0714829160
0.000000007484147	0.0704350270
0.000000007708630	0.0694018810
0.000000007939704	0.0683845020
0.000000008177850	0.0673814360
0.000000008422990	0.0663936710
0.000000008675632	0.0654198080
0.000000008935694	0.0644607990
0.000000009203714	0.0635152860
0.000000009479605	0.0625841970
0.000000009763940	0.0616662100
0.000000010056625	0.0607622270
0.000000010358267	0.0598709630
0.000000010668767	0.0589932980
0.000000010988770	0.0581279810
0.000000011318170	0.0572758670
0.000000011657652	0.0564357410
0.000000012007102	0.0556084340
0.000000012367248	0.0547927660
0.000000012737969	0.0539895440
0.000000013120036	0.0531976230
0.000000013513323	0.0524177830
0.000000013918647	0.0516489160
0.000000014335873	0.0508917800
0.000000014765869	0.0501452970
0.000000015208491	0.0494102020
0.000000015664661	0.0486854500
0.000000016134225	0.0479717570
0.000000016618162	0.0472681040
0.000000017116308	0.0465751880
0.000000017629702	0.0458920200
0.000000018158171	0.0452192770
0.000000018702814	0.0445559980
0.000000019263450	0.0439028400
0.000000019841246	0.0432588710
0.000000020436008	0.0426247290
0.000000021048973	0.0419995100
0.000000021679938	0.0413838300
0.000000022330215	0.0407768130
0.000000022999587	0.0401790590
0.000000023689445	0.0395897160
0.000000024399561	0.0390093660
0.000000025268741	0.0383325940
0.000000025300000	0.0383089070
0.000000026058858	0.0377470000
0.000000026840000	0.0371936690
0.000000027645049	0.0366481250
0.000000028473738	0.0361109070
0.000000029327791	0.0355812500
0.000000030206922	0.0350596760
0.000000031112960	0.0345454440
0.000000032045604	0.0340390590
0.000000033006792	0.0335398020
0.000000033996206	0.0330481650
0.000000035015901	0.0325634460
0.000000036065539	0.0320861250
0.000000037147303	0.0316155200
0.000000038260833	0.0311520970
0.000000039408443	0.0306951930
0.000000040589752	0.0302452600
0.000000041807217	0.0298016580
0.000000043060432	0.0293648230
0.000000044352004	0.0289341330
0.000000045681502	0.0285100140
0.000000047051690	0.0280918610
0.000000048462114	0.0276800880
0.000000049915706	0.0272741090
0.000000051411981	0.0268743250
0.000000052954052	0.0264801660
0.000000054541406	0.0260920220
0.000000056177342	0.0257093400
0.000000057861316	0.0253324960
0.000000059596832	0.0249609520
0.000000061383309	0.0245950750
0.000000063224464	0.0242343420
0.000000065119683	0.0238791400
0.000000067072909	0.0235288940
0.000000069083489	0.0231839850
0.000000071155607	0.0228439210
0.000000073288570	0.0225090370
0.000000075486817	0.0221788580
0.000000077749613	0.0218537100
0.000000080081665	0.0215331320
0.000000082482197	0.0212174410
0.000000084956200	0.0209061910
0.000000087502851	0.0205996900
0.000000090127446	0.0202975040
0.000000092829111	0.0199999320
0.000000095613464	0.0197065520
0.000000098479577	0.0194176560
0.000000101433412	0.0191328340
0.000000104473985	0.0188523660
0.000000107607619	0.0185758550
0.000000110833270	0.0183035720
0.000000114157646	0.0180351280
0.000000117579641	0.0177707850
0.000000121106371	0.0175101610
0.000000124736661	0.0172535120
0.000000128478062	0.0170004670
0.000000132329326	0.0167512730
0.000000136298464	0.0165055730
0.000000140384153	0.0162636100
0.000000144594890	0.0160250410
0.000000148929273	0.0157901040
0.000000153396316	0.0155584660
0.000000157994531	0.0153303580
0.000000162733481	0.0151054580
0.000000167611588	0.0148839900
0.000000172638996	0.0146656380
0.000000177814030	0.0144506200
0.000000183147454	0.0142386290
0.000000188637490	0.0140298760
0.000000194295557	0.0138240640
0.000000200119770	0.0136213980
0.000000206122241	0.0134215910
0.000000212300971	0.0132248440
0.000000218668809	0.0130308780
0.000000225223636	0.0128398860
0.000000231979082	0.0126515930
0.000000238932897	0.0124661790
0.000000246099545	0.0122833730
0.000000253476636	0.0121033470
0.000000261079514	0.0119258380
0.000000268905645	0.0117510210
0.000000276971307	0.0115786480
0.000000285273811	0.0114088930
0.000000293830426	0.0112415200
0.000000302638301	0.0110766970
0.000000311715753	0.0109141930
0.000000321059758	0.0107541700
0.000000330689751	0.0105963990
0.000000340602522	0.0104410370
0.000000350818688	0.0102878620
0.000000361334845	0.0101370260
0.000000372172865	0.0099883130
0.000000383329135	0.0098418710
0.000000394826860	0.0096974900
0.000000406662208	0.0095553140
0.000000418859794	0.0094151410
0.000000431415555	0.0092771130
0.000000444355602	0.0091410390
0.000000457675626	0.0090070570
0.000000471403329	0.0088749800
0.000000485534136	0.0087449320
0.000000500097438	0.0086167130
0.000000515088382	0.0084904360
0.000000530538145	0.0083659120
0.000000546441581	0.0082432660
0.000000562831765	0.0081223340
0.000000579703235	0.0080032400
0.000000597091082	0.0078858220
0.000000614989512	0.0077701950
0.000000633435749	0.0076561970
0.000000652423648	0.0075439390
0.000000671992699	0.0074332620
0.000000692136383	0.0073242740
0.000000712896594	0.0072168210
0.000000734266415	0.0071110090
0.000000756290290	0.0070066850
0.000000778960882	0.0069039550
0.000000802325342	0.0068026700
0.000000826375882	0.0067029310
0.000000851162526	0.0066045970
0.000000876677012	0.0065077640
0.000000902972407	0.0064123000
0.000000930039949	0.0063183080
0.000000957935933	0.0062256650
0.000000986651065	0.0061344560
0.000001011955890	0.0060573160
0.000001040509740	0.0059736490
0.000001069869290	0.0058911110
0.000001100057250	0.0058096980
0.000001131097020	0.0057294050
0.000001163012620	0.0056502220
0.000001195828760	0.0055721330
0.000001229570870	0.0054951240
0.000001264265050	0.0054191800
0.000001299938190	0.0053442860
0.000001336617890	0.0052704270
0.000001374332570	0.0051975890
0.000001413111430	0.0051257600
0.000001452984480	0.0050549290
0.000001493982620	0.0049851030
0.000001557809790	0.0048820180
0.000001624049460	0.0047815270
0.000001693433460	0.0046825420
0.000001765439980	0.0045860110
0.000001840864590	0.0044910340
0.000001919140030	0.0043984520
0.000002001131140	0.0043073630
0.000002086221280	0.0042185700
0.000002175350570	0.0041312080
0.000002267848700	0.0040460490
0.000002364737630	0.0039622970
0.000002465288690	0.0038808400
0.000002570612820	0.0038006450
0.000002679917910	0.0037222890
0.000002794411600	0.0036451760
0.000002913232840	0.0035700090
0.000003079954740	0.0034719700
0.000003256217990	0.0033766280
0.000003442568650	0.0032839060
0.000003639584000	0.0031937330
0.000003847874370	0.0031062550
0.000004125478600	0.0030001570
0.000004422254460	0.0028976310
0.000004741297230	0.0027983560
0.000005082373440	0.0027027130
0.000005449040380	0.0026100940
0.000005841029730	0.0025209120
0.000006262429790	0.0024350870
0.000006807639920	0.0023355150
0.000007400316310	0.0022399840
0.000008044591380	0.0021482220
0.000008744957350	0.0020601300
0.000009638548900	0.0019622270
0.000010477685600	0.0018825810
0.000011550569100	0.0017928940
0.000012556167200	0.0017193650
0.000013649313100	0.0016489870
0.000014837628800	0.0015815020
0.000016353791700	0.0015059760
0.000018028370900	0.0014343510
0.000019870575400	0.0013660550
0.000021905262700	0.0013016050
0.000025175106100	0.0012136700
0.000027366862900	0.0011639290
0.000029749435100	0.0011162100
0.000032789340500	0.0010627560
0.000036146870600	0.0010121910
0.000039840489300	0.0009639390
0.000044531050400	0.0009117240
0.000049773847700	0.0008620900
0.000054107182600	0.0008267220
0.000058817779800	0.0007928250
0.000063938483800	0.0007602230
0.000070485592600	0.0007237250
0.000077688066900	0.0006890730
0.000084451627100	0.0006611340
0.000091804026100	0.0006337390
0.000099796528500	0.0006075590
0.000108484862000	0.0005825180
0.000117929606000	0.0005585080
0.000128196614000	0.0005354050
0.000141296541000	0.0005096270
0.000155719713000	0.0004850700
0.000169276746000	0.0004652980
0.000184014060000	0.0004458820
0.000200034412000	0.0004273150
0.000217449503000	0.0004095460
0.000235944529000	0.0003928650
0.000252966705000	0.0003791240
0.000277255673000	0.0003616600
0.000305645822000	0.0003440860
0.000332255493000	0.0003296980
0.000366206568000	0.0003135900
0.000401273220000	0.0002991390
0.000432148361000	0.0002878370
0.000465388569000	0.0002769680
0.000505905520000	0.0002652160
0.000546876465000	0.0002546220
0.000602758291000	0.0002419490
0.000655234716000	0.0002314900
0.000731310232000	0.0002184930
0.000794978450000	0.0002089760
0.000864189653000	0.0001998580
0.000930751480000	0.0001920360
0.001011105360000	0.0001836460
0.001106801100000	0.0001747810
0.001211495770000	0.0001663530
0.001311136140000	0.0001592030
0.001462594810000	0.0001498470
0.001589929020000	0.0001429500
0.001728349000000	0.0001363320
0.001861477310000	0.0001306470
0.001994438140000	0.0001255290
0.002156995290000	0.0001199200
0.002344784330000	0.0001141160
0.002561427040000	0.0001082480
0.002925163960000	0.0000998455
0.003179830130000	0.0000947871
0.003456667660000	0.0000899287
0.003722928950000	0.0000857511
0.003988850620000	0.0000819880
0.004254772270000	0.0000785706
0.004583585720000	0.0000747571
0.004982246490000	0.0000705978
0.005392449200000	0.0000668391
0.005850302260000	0.0000631005
0.006359632370000	0.0000593901
0.006913305000000	0.0000558342
0.007445832230000	0.0000527846
0.007977675550000	0.0000500461
0.008509518880000	0.0000475677
0.009041362210000	0.0000453121
0.010105048900000	0.0000413545
0.010636892200000	0.0000396073
0.011324114800000	0.0000375428
0.012062245000000	0.0000355200
0.012941841600000	0.0000333742
0.013827952100000	0.0000314286
0.014684466700000	0.0000297253
0.015733355400000	0.0000278589
0.016782244000000	0.0000261904
0.017831132700000	0.0000246909
0.019117556600000	0.0000230590
0.020210072100000	0.0000218104
0.021273758700000	0.0000207057
0.022337445400000	0.0000196978
0.023401132100000	0.0000187754
0.025528505400000	0.0000171511
0.027655878700000	0.0000157716
0.030197595900000	0.0000143801
0.031910625300000	0.0000135748
0.033564462700000	0.0000128768
0.036165371900000	0.0000119359
0.037703160500000	0.0000114379
0.039857794800000	0.0000108247
0.041955572100000	0.0000103029
0.044053349500000	0.0000098444
0.046151126800000	0.0000094414
0.048248904100000	0.0000090872
0.050346681400000	0.0000087764
0.052444458800000	0.0000085041
0.054542236100000	0.0000082666
0.057439104900000	0.0000079932
0.061693851500000	0.0000076875
0.063457789800000	0.0000075974
0.065031122700000	0.0000075553
0.066080011400000	0.0000075846
0.066604455700000	0.0000076513
0.066866677900000	0.0000077163
0.067128900000000	0.0000078227
0.067286000000000	0.0000079199
0.067482375000000	0.0000081026
0.067600200000000	0.0000082628
0.067678750000000	0.0000084038
0.067757300000000	0.0000085825
0.067845668800000	0.0000088449
0.067900653800000	0.0000090552
0.067951711300000	0.0000092934
0.068000805000000	0.0000095755
0.068047935000000	0.0000099074
0.068081927600000	0.0000101946
0.068113210100000	0.0000105066
0.068144492600000	0.0000108723
0.068176325000000	0.0000113147
0.068197729900000	0.0000116604
0.068219134800000	0.0000120561
0.068240539600000	0.0000125047
0.068261983800000	0.0000130209
0.068283427900000	0.0000136224
0.068304872100000	0.0000143252
0.068320955200000	0.0000149325
0.068337666700000	0.0000156543
0.068354692500000	0.0000164988
0.068371718100000	0.0000174742
0.068383068600000	0.0000182157
0.068394419100000	0.0000190446
0.068405769600000	0.0000199722
0.068417120000000	0.0000210131
0.068426133700000	0.0000219343
0.068435147300000	0.0000229518
0.068444160900000	0.0000240786
0.068453174500000	0.0000253312
0.068462188100000	0.0000267310
0.068471201700000	0.0000283026
0.068480215300000	0.0000300748
0.068486975500000	0.0000315560
0.068495532600000	0.0000336484
0.068501836200000	0.0000353691
0.068508139900000	0.0000372657
0.068514443500000	0.0000393632
0.068520747200000	0.0000416901
0.068527050800000	0.0000442798
0.068533354400000	0.0000471731
0.068539658000000	0.0000504207
0.068545549300000	0.0000538312
0.068551440500000	0.0000576677
0.068555368000000	0.0000604983
0.068559295500000	0.0000635772
0.068563223000000	0.0000669343
0.068567150500000	0.0000706043
0.068571078000000	0.0000746274
0.068574612800000	0.0000785889
0.068578147500000	0.0000829144
0.068581682300000	0.0000876507
0.068585217000000	0.0000928516
0.068588751800000	0.0000985811
0.068592286500000	0.0001049140
0.068595821300000	0.0001119400
0.068599356000000	0.0001197650
0.068603038100000	0.0001289060
0.068605492800000	0.0001356450
0.068607947500000	0.0001429730
0.068610402200000	0.0001509620
0.068612856900000	0.0001596950
0.068615311600000	0.0001692700
0.068617766200000	0.0001798040
0.068620024500000	0.0001904590
0.068622086500000	0.0002011040
0.068624148400000	0.0002127390
0.068626210400000	0.0002254980
0.068628272300000	0.0002395350
0.068630334300000	0.0002550410
0.068632396200000	0.0002722410
0.068634458100000	0.0002914150
0.068636274500000	0.0003102210
0.068637845500000	0.0003281770
0.068639416500000	0.0003479620
0.068640987500000	0.0003699020
0.068642558500000	0.0003944210
0.068643736800000	0.0004148450
0.068644915000000	0.0004373610
0.068646093300000	0.0004623930
0.068647271500000	0.0004904820
0.068648376200000	0.0005202380
0.068649333500000	0.0005493080
0.068650290800000	0.0005821040
0.068651248200000	0.0006194460
0.068651886400000	0.0006473570
0.068652524600000	0.0006781040
0.068653162800000	0.0007121110
0.068653801100000	0.0007498770
0.068654439300000	0.0007919590
0.068655077500000	0.0008390220
0.068655715700000	0.0008918250
0.068656353900000	0.0009512370
0.068656832600000	0.0010007360
0.068657311200000	0.0010549740
0.068657789900000	0.0011144970
0.068658268500000	0.0011798550
0.068658759500000	0.0012536450
0.068659250400000	0.0013349870
0.068659741400000	0.0014247380
0.068660232300000	0.0015237630
0.068660723300000	0.0016330890
0.068661214200000	0.0017537460
0.068661705100000	0.0018869250
0.068662196000000	0.0020338960
0.068662687000000	0.0021960700
0.068663177900000	0.0023748670
0.068663668900000	0.0025719610
0.068664159800000	0.0027889930
0.068664650800000	0.0030278950
0.068665141700000	0.0032905430
0.068665632600000	0.0035790810
0.068666123500000	0.0038957420
0.068666516300000	0.0041709590
0.068666909000000	0.0044668860
0.068667301800000	0.0047849970
0.068667694500000	0.0051265080
0.068668087300000	0.0054930200
0.068668480000000	0.0058858270
0.068668872800000	0.0063066560
0.068669265500000	0.0067568640
0.068669658300000	0.0072382970
0.068670051000000	0.0077523650
0.068670443800000	0.0083010190
0.068670836500000	0.0088857010
0.068671229300000	0.0095084570
0.068671622000000	0.0101707360
0.068672014800000	0.0108746560
0.068672579400000	0.0119627020
0.068673094900000	0.0130386980
0.068673610400000	0.0141976410
0.068674125900000	0.0154434630
0.068674641400000	0.0167799890
0.068675156800000	0.0182106060
0.068675672300000	0.0197393510
0.068676187800000	0.0213691980
0.068676703300000	0.0231031070
0.068677390600000	0.0255812160
0.068677906000000	0.0275670630
0.068678446100000	0.0297674010
0.068678986100000	0.0320906810
0.068679796200000	0.0358085020
0.068680606300000	0.0398040860
0.068681416300000	0.0440716810
0.068682226300000	0.0486020040
0.068683110000000	0.0538268480
0.068683993700000	0.0593208530
0.068685319200000	0.0679907880
0.068689649300000	0.0979800590
0.068691220300000	0.1084596370
0.068692516300000	0.1164701570
0.068693576800000	0.1224187630
0.068694558600000	0.1273225940
0.068695658300000	0.1320115230
0.068696522400000	0.1350294240
0.068697543500000	0.1377717640
0.068698525400000	0.1395157570
0.068699896900000	0.1404223140
0.068700901600000	0.1399369090
0.068701942300000	0.1384194230
0.068702845700000	0.1362907290
0.068703984600000	0.1325911060
0.068705084300000	0.1280295360
0.068706026900000	0.1234294100
0.068707126600000	0.1173683150
0.068708422700000	0.1094439770
0.068709954400000	0.0992998760
0.068714039000000	0.0709565140
0.068715217300000	0.0631007990
0.068716346500000	0.0559193560
0.068717328400000	0.0500130830
0.068718310300000	0.0444630210
0.068719046600000	0.0405520340
0.068719832100000	0.0366267570
0.068720421300000	0.0338531660
0.068721010400000	0.0312275060
0.068721599500000	0.0287491190
0.068722188600000	0.0264168270
0.068722777800000	0.0242281800
0.068723366900000	0.0221810220
0.068723956000000	0.0202713620
0.068724446900000	0.0187820340
0.068725036000000	0.0171131200
0.068725625200000	0.0155682320
0.068726214300000	0.0141424610
0.068726803400000	0.0128298370
0.068727392500000	0.0116244830
0.068728178000000	0.0101737990
0.068728570800000	0.0095114370
0.068728963500000	0.0088889050
0.068729356300000	0.0083041190
0.068729749000000	0.0077556330
0.068730141800000	0.0072414460
0.068730534500000	0.0067601320
0.068730976400000	0.0062556050
0.068731418200000	0.0057882470
0.068731860100000	0.0053556220
0.068732301900000	0.0049557730
0.068732743800000	0.0045864470
0.068733185600000	0.0042458180
0.068733627500000	0.0039318260
0.068734069300000	0.0036427890
0.068734511200000	0.0033768400
0.068734953000000	0.0031324500
0.068735394900000	0.0029079450
0.068735836700000	0.0027019490
0.068736278600000	0.0025129730
0.068736720400000	0.0023397920
0.068737162200000	0.0021811290
0.068737604000000	0.0020358310
0.068738045900000	0.0019027900
0.068738487800000	0.0017810350
0.068738929600000	0.0016696510
0.068739371400000	0.0015677410
0.068739813300000	0.0014744760
0.068740255100000	0.0013891510
0.068740697000000	0.0013110370
0.068741138800000	0.0012395340
0.068741580700000	0.0011740210
0.068742022500000	0.0011139910
0.068742611600000	0.0010416010
0.068743200800000	0.0009769870
0.068743789900000	0.0009192320
0.068744379000000	0.0008674920
0.068744968100000	0.0008210330
0.068745557300000	0.0007792030
0.068746146400000	0.0007414460
0.068746735500000	0.0007072570
0.068747373700000	0.0006737410
0.068748061100000	0.0006412020
0.068748748400000	0.0006118590
0.068749435700000	0.0005852660
0.068750466600000	0.0005497330
0.068751497600000	0.0005185280
0.068752528500000	0.0004908510
0.068753559600000	0.0004660660
0.068754590500000	0.0004436910
0.068755965100000	0.0004169420
0.068757339700000	0.0003930940
0.068759794400000	0.0003561850
0.068761561800000	0.0003331960
0.068763329200000	0.0003126190
0.068765096500000	0.0002940800
0.068766863900000	0.0002772840
0.068768631300000	0.0002620010
0.068770398700000	0.0002480410
0.068772166000000	0.0002352470
0.068774424400000	0.0002203850
0.068776682700000	0.0002069800
0.068778941000000	0.0001948390
0.068781199300000	0.0001838050
0.068783457600000	0.0001737410
0.068785715900000	0.0001645360
0.068787974200000	0.0001560910
0.068790232500000	0.0001483220
0.068793080000000	0.0001393820
0.068795927400000	0.0001312810
0.068798774900000	0.0001239140
0.068801622300000	0.0001171960
0.068804469800000	0.0001110500
0.068807317200000	0.0001054130
0.068810164600000	0.0001002280
0.068813012000000	0.0000954487
0.068816601500000	0.0000899370
0.068820191000000	0.0000849318
0.068823780500000	0.0000803723
0.068827370000000	0.0000762067
0.068830959500000	0.0000723906
0.068834549000000	0.0000688857
0.068839933300000	0.0000641406
0.068844139300000	0.0000608086
0.068848961800000	0.0000573399
0.068853784300000	0.0000542011
0.068858606700000	0.0000513516
0.068863429200000	0.0000487561
0.068868251600000	0.0000463847
0.068873074100000	0.0000442115
0.068880307700000	0.0000412768
0.068887541400000	0.0000386790
0.068894775100000	0.0000363689
0.068902008800000	0.0000343057
0.068909242500000	0.0000324554
0.068916476200000	0.0000307898
0.068923709900000	0.0000292848
0.068930943600000	0.0000279206
0.068938177300000	0.0000266799
0.068947822300000	0.0000251931
0.068957467200000	0.0000238717
0.068967112100000	0.0000226920
0.068976757000000	0.0000216351
0.068986402000000	0.0000206852
0.068996046900000	0.0000198277
0.069010514300000	0.0000186867
0.069020963000000	0.0000179560
0.069032215400000	0.0000172449
0.069049094000000	0.0000163051
0.069065972700000	0.0000154927
0.069082851300000	0.0000147858
0.069099729900000	0.0000141667
0.069118216000000	0.0000135730
0.069137505900000	0.0000130324
0.069156795700000	0.0000125612
0.069182515500000	0.0000120181
0.069208235300000	0.0000115527
0.069235937200000	0.0000111249
0.069263639100000	0.0000107586
0.069319042900000	0.0000101671
0.069361586700000	0.0000098102
0.069404130500000	0.0000095173
0.069460855700000	0.0000091998
0.069517580800000	0.0000089442
0.069574305900000	0.0000087366
0.069659393600000	0.0000084921
0.069744481300000	0.0000083025
0.069914656600000	0.0000080368
0.070141557100000	0.0000078151
0.070368457600000	0.0000076753
0.070595358100000	0.0000075804
0.070935708800000	0.0000074872
0.071502960000000	0.0000073925
0.072864362800000	0.0000072883
0.074679566700000	0.0000072286
0.076494770500000	0.0000071996
0.080125178200000	0.0000071871
0.083755585900000	0.0000072180
0.087385993600000	0.0000072854
0.091016401300000	0.0000073863
0.094646809000000	0.0000075192
0.101907624000000	0.0000078770
0.109168440000000	0.0000083568
0.116429255000000	0.0000089633
0.123690071000000	0.0000097076
0.127320478000000	0.0000101367
0.130913016000000	0.0000106025
0.134581294000000	0.0000111238
0.138211702000000	0.0000116897
0.141842109000000	0.0000123105
0.145472517000000	0.0000129923
0.149102924000000	0.0000137427
0.152733332000000	0.0000145708
0.156363739000000	0.0000154877
0.159994147000000	0.0000165073
0.163624555000000	0.0000176475
0.166347361000000	0.0000186002
0.169070167000000	0.0000196355
0.171792972000000	0.0000207906
0.174515778000000	0.0000220590
0.178146185000000	0.0000240007
0.179961389000000	0.0000250972
0.181776593000000	0.0000262949
0.183591797000000	0.0000276102
0.185407000000000	0.0000290642
0.187181000000000	0.0000306445
0.188955000000000	0.0000324145
0.190729000000000	0.0000344151
0.192059500000000	0.0000361091
0.193833500000000	0.0000386473
0.195164000000000	0.0000408353
0.196494500000000	0.0000433172
0.197492375000000	0.0000454242
0.198712000000000	0.0000483044
0.199599000000000	0.0000506815
0.200486000000000	0.0000533356
0.201373000000000	0.0000563189
0.202260000000000	0.0000596956
0.202925250000000	0.0000625508
0.203590500000000	0.0000656891
0.204255750000000	0.0000692267
0.204921000000000	0.0000731528
0.205808000000000	0.0000792228
0.206695000000000	0.0000864465
0.207138500000000	0.0000905919
0.207582000000000	0.0000951617
0.208025500000000	0.0001002190
0.208469000000000	0.0001058410
0.208912500000000	0.0001121180
0.209356000000000	0.0001191620
0.209799500000000	0.0001271010
0.210132125000000	0.0001337730
0.210464750000000	0.0001410800
0.210797375000000	0.0001492360
0.211130000000000	0.0001582270
0.211462625000000	0.0001683500
0.211906125000000	0.0001837330
0.212349625000000	0.0002018150
0.212571375000000	0.0002120750
0.212904000000000	0.0002291780
0.213125750000000	0.0002420280
0.213347500000000	0.0002561690
0.213569250000000	0.0002717810
0.213791000000000	0.0002890760
0.214012750000000	0.0003083110
0.214289938000000	0.0003355310
0.214456250000000	0.0003538120
0.214622563000000	0.0003738830
0.214788875000000	0.0003958010
0.214955188000000	0.0004200110
0.215121500000000	0.0004466040
0.215287813000000	0.0004761810
0.215454125000000	0.0005088870
0.215620438000000	0.0005455470
0.215842188000000	0.0006012690
0.215953063000000	0.0006326080
0.216063938000000	0.0006666190
0.216174813000000	0.0007036140
0.216285688000000	0.0007439530
0.216396563000000	0.0007880530
0.216562875000000	0.0008620750
0.216673750000000	0.0009178320
0.216784625000000	0.0009794190
0.216895500000000	0.0010476160
0.217011919000000	0.0011274100
0.217150513000000	0.0012353900
0.217250300000000	0.0013237120
0.217339000000000	0.0014104120
0.217427700000000	0.0015061540
0.217516400000000	0.0016122380
0.217605100000000	0.0017298700
0.217671625000000	0.0018268780
0.217738150000000	0.0019327740
0.217804675000000	0.0020483310
0.217871200000000	0.0021747320
0.217937725000000	0.0023134020
0.218004250000000	0.0024659410
0.218070775000000	0.0026342930
0.218137300000000	0.0028206670
0.218203825000000	0.0030277670
0.218270350000000	0.0032587100
0.218336875000000	0.0035173430
0.218381225000000	0.0037073430
0.218425575000000	0.0039132320
0.218469925000000	0.0041368220
0.218514275000000	0.0043801870
0.218558625000000	0.0046457080
0.218602975000000	0.0049361360
0.218647325000000	0.0052546570
0.218691675000000	0.0056049790
0.218736025000000	0.0059914330
0.218780375000000	0.0064191060
0.218824725000000	0.0068935430
0.218866304000000	0.0073850210
0.218905110000000	0.0078946340
0.218943916000000	0.0084589510
0.218982722000000	0.0090853160
0.219011827000000	0.0096013270
0.219040932000000	0.0101619580
0.219070037000000	0.0107723990
0.219099141000000	0.0114385780
0.219128246000000	0.0121673820
0.219157350000000	0.0129666550
0.219186456000000	0.0138456290
0.219215560000000	0.0148148090
0.219244665000000	0.0158866870
0.219273769000000	0.0170757040
0.219302874000000	0.0183990030
0.219331979000000	0.0198766820
0.219351382000000	0.0209591500
0.219370785000000	0.0221288790
0.219390188000000	0.0233950220
0.219409591000000	0.0247678840
0.219428994000000	0.0262590830
0.219448397000000	0.0278817220
0.219467800000000	0.0296503980
0.219490669000000	0.0319436530
0.219513537000000	0.0344899950
0.219536405000000	0.0373301550
0.219551651000000	0.0394097370
0.219566896000000	0.0416534940
0.219582141000000	0.0440761870
0.219596693000000	0.0465708920
0.219617482000000	0.0504757430
0.219631342000000	0.0533243970
0.219645201000000	0.0563882480
0.219659061000000	0.0596853770
0.219672920000000	0.0632339010
0.219686779000000	0.0670534190
0.219700638000000	0.0711637860
0.219718517000000	0.0769282570
0.219736395000000	0.0832504850
0.219754274000000	0.0901670320
0.219772152000000	0.0977035460
0.219790031000000	0.1058728380
0.219807078000000	0.1142408290
0.219829253000000	0.1259007640
0.219895778000000	0.1635408180
0.219917953000000	0.1752829910
0.219934584000000	0.1830583300
0.219951215000000	0.1895488570
0.219962303000000	0.1929933010
0.219973390000000	0.1956286320
0.219985587000000	0.1975115440
0.219999557000000	0.1982850170
0.220011199000000	0.1977773590
0.220023340000000	0.1961487650
0.220035480000000	0.1934514790
0.220052112000000	0.1881816040
0.220068743000000	0.1813641350
0.220086483000000	0.1727769720
0.220106440000000	0.1620280350
0.220166313000000	0.1280621970
0.220188488000000	0.1162670300
0.220205119000000	0.1079776830
0.220221750000000	0.1002190510
0.220240461000000	0.0921435070
0.220259171000000	0.0847525290
0.220277881000000	0.0780188490
0.220296591000000	0.0719032070
0.220315302000000	0.0663590580
0.220334931000000	0.0611043450
0.220355019000000	0.0562652470
0.220375107000000	0.0519144520
0.220395195000000	0.0479972170
0.220415283000000	0.0444651860
0.220436258000000	0.0411435020
0.220451423000000	0.0389506970
0.220474170000000	0.0359538670
0.220496918000000	0.0332685170
0.220519665000000	0.0308565370
0.220542413000000	0.0286857450
0.220559853000000	0.0271677220
0.220579567000000	0.0255865280
0.220599281000000	0.0241316440
0.220618995000000	0.0227910800
0.220638710000000	0.0215547590
0.220658424000000	0.0204130110
0.220678138000000	0.0193567800
0.220707709000000	0.0179154710
0.220728940000000	0.0169750490
0.220750171000000	0.0161049450
0.220782018000000	0.0149173040
0.220813864000000	0.0138537730
0.220845711000000	0.0128979840
0.220877556000000	0.0120362480
0.220909403000000	0.0112567650
0.220941249000000	0.0105496480
0.220973096000000	0.0099063210
0.221004942000000	0.0093194940
0.221036788000000	0.0087828210
0.221089865000000	0.0079852660
0.221132326000000	0.0074224320
0.221174788000000	0.0069167650
0.221217249000000	0.0064608970
0.221253645000000	0.0061056540
0.221290041000000	0.0057801820
0.221338569000000	0.0053830310
0.221387097000000	0.0050252150
0.221435624000000	0.0047019870
0.221484152000000	0.0044090470
0.221532679000000	0.0041427610
0.221581207000000	0.0039000010
0.221629734000000	0.0036780990
0.221678262000000	0.0034747380
0.221726789000000	0.0032879260
0.221775317000000	0.0031159170
0.221823844000000	0.0029572010
0.221896635000000	0.0027411560
0.221969427000000	0.0025482800
0.222042218000000	0.0023753120
0.222115010000000	0.0022196780
0.222187801000000	0.0020790880
0.222260593000000	0.0019517190
0.222333384000000	0.0018359260
0.222406175000000	0.0017303910
0.222478967000000	0.0016339020
0.222551759000000	0.0015454930
0.222636682000000	0.0014517810
0.222727671000000	0.0013604660
0.222818660000000	0.0012777140
0.222915715000000	0.0011977980
0.223012770000000	0.0011254350
0.223109825000000	0.0010597040
0.223206880000000	0.0009998220
0.223303935000000	0.0009451150
0.223400990000000	0.0008950070
0.223526518000000	0.0008361590
0.223621096000000	0.0007958450
0.223779303000000	0.0007351510
0.223919932000000	0.0006871180
0.224060560000000	0.0006439840
0.224201189000000	0.0006051060
0.224341817000000	0.0005699450
0.224482446000000	0.0005380450
0.224623074000000	0.0005090150
0.224763703000000	0.0004825240
0.224904332000000	0.0004582850
0.225044961000000	0.0004360530
0.225326218000000	0.0003967790
0.225466846000000	0.0003793870
0.225677789000000	0.0003557730
0.225888732000000	0.0003345340
0.226099676000000	0.0003156010
0.226310618000000	0.0002984540
0.226521561000000	0.0002830550
0.226873132000000	0.0002604310
0.227154389000000	0.0002447550
0.227435646000000	0.0002308460
0.227716903000000	0.0002184690
0.227998160000000	0.0002074110
0.228279418000000	0.0001974980
0.228560675000000	0.0001885810
0.228841932000000	0.0001805390
0.229404447000000	0.0001666670
0.229685704000000	0.0001606710
0.230107590000000	0.0001527040
0.230529476000000	0.0001456690
0.230951362000000	0.0001395730
0.231373247000000	0.0001341600
0.231935761000000	0.0001279590
0.232498275000000	0.0001226950
0.233060790000000	0.0001182160
0.233623304000000	0.0001143990
0.234185819000000	0.0001111420
0.235310848000000	0.0001060070
0.236154619000000	0.0001031560
0.236998390000000	0.0001009050
0.237842162000000	0.0000992580
0.239248448000000	0.0000974474
0.240373477000000	0.0000967383
0.241498505000000	0.0000965526
0.243748563000000	0.0000974455
0.245436106000000	0.0000990456
0.247123649000000	0.0001012150
0.248811193000000	0.0001039970
0.250498735000000	0.0001072260
0.252748793000000	0.0001122770
0.254998850000000	0.0001180840
0.258598942000000	0.0001288530
0.260398988000000	0.0001348880
0.263099057000000	0.0001447590
0.265799126000000	0.0001554030
0.269399218000000	0.0001708230
0.280199494000000	0.0002202840
0.283349575000000	0.0002332660
0.285599632000000	0.0002413770
0.288299701000000	0.0002492950
0.290549759000000	0.0002540530
0.292799816000000	0.0002570150
0.295049874000000	0.0002579550
0.297299931000000	0.0002568700
0.299639991000000	0.0002536710
0.301800046000000	0.0002489810
0.304500115000000	0.0002410970
0.307200184000000	0.0002314040
0.310800276000000	0.0002165410
0.320700529000000	0.0001722740
0.324300621000000	0.0001571260
0.327000690000000	0.0001464240
0.329700759000000	0.0001364800
0.332400828000000	0.0001271750
0.335100897000000	0.0001186570
0.337800966000000	0.0001107590
0.340501035000000	0.0001035900
0.343201104000000	0.0000969781
0.347251208000000	0.0000881873
0.349501265000000	0.0000838173
0.354001380000000	0.0000760702
0.358501495000000	0.0000695129
0.363001610000000	0.0000640102
0.367501725000000	0.0000594587
0.372001840000000	0.0000557910
0.376501955000000	0.0000529818
0.378752013000000	0.0000519049
0.381002070000000	0.0000510579
0.383252128000000	0.0000504558
0.386627214000000	0.0000500619
0.390002300000000	0.0000503881
0.391689844000000	0.0000508885
0.393377387000000	0.0000516211
0.395064930000000	0.0000526859
0.397314988000000	0.0000546513
0.399002530000000	0.0000566190
0.400127559000000	0.0000582488
0.401252588000000	0.0000601648
0.402377617000000	0.0000624144
0.403502645000000	0.0000650562
0.404627674000000	0.0000681615
0.405471446000000	0.0000708662
0.406315218000000	0.0000738989
0.407158989000000	0.0000773884
0.408002760000000	0.0000813198
0.409127789000000	0.0000874996
0.410252818000000	0.0000949594
0.410815333000000	0.0000992746
0.411377847000000	0.0001040510
0.411940361000000	0.0001093520
0.412502875000000	0.0001152570
0.413065390000000	0.0001218570
0.413627904000000	0.0001292630
0.414190419000000	0.0001376010
0.414612305000000	0.0001445930
0.415034191000000	0.0001522400
0.415456077000000	0.0001607450
0.415877962000000	0.0001700950
0.416299848000000	0.0001805750
0.416721733000000	0.0001921770
0.417284248000000	0.0002099390
0.417846762000000	0.0002307990
0.418128019000000	0.0002426240
0.418409277000000	0.0002555330
0.418690534000000	0.0002696640
0.418971791000000	0.0002851800
0.419253048000000	0.0003022690
0.419534306000000	0.0003211570
0.419815563000000	0.0003421100
0.420096820000000	0.0003654460
0.420378077000000	0.0003915130
0.420589020000000	0.0004131820
0.420799963000000	0.0004368500
0.421010906000000	0.0004629270
0.421221848000000	0.0004915390
0.421432791000000	0.0005232830
0.421693207000000	0.0005672020
0.421883309000000	0.0006031940
0.422073411000000	0.0006430260
0.422263512000000	0.0006872740
0.422477377000000	0.0007430470
0.422619954000000	0.0007844500
0.422762530000000	0.0008296980
0.422905106000000	0.0008792470
0.423047682000000	0.0009336780
0.423190259000000	0.0009936440
0.423404123000000	0.0010956290
0.423546700000000	0.0011738040
0.423653632000000	0.0012373250
0.423760564000000	0.0013069200
0.423867496000000	0.0013828220
0.423974428000000	0.0014658280
0.424081361000000	0.0015568520
0.424188293000000	0.0016569350
0.424295225000000	0.0017672680
0.424402157000000	0.0018892350
0.424509089000000	0.0020244230
0.424604081000000	0.0021568440
0.424693103000000	0.0022938900
0.424782125000000	0.0024441780
0.424881930000000	0.0026308640
0.424981734000000	0.0028395400
0.425075994000000	0.0030597330
0.425159164000000	0.0032752210
0.425242335000000	0.0035119570
0.425325505000000	0.0037751600
0.425408676000000	0.0040676280
0.425491845000000	0.0043927590
0.425575016000000	0.0047547910
0.425658186000000	0.0051583880
0.425713633000000	0.0054530480
0.425769080000000	0.0057700340
0.425824527000000	0.0061109770
0.425879974000000	0.0064775120
0.425935420000000	0.0068712190
0.426015264000000	0.0074888280
0.426095107000000	0.0081691290
0.426174951000000	0.0089137250
0.426254794000000	0.0097221030
0.426334638000000	0.0105881590
0.426618526000000	0.0138725460
0.426685062000000	0.0145824940
0.426751598000000	0.0152136330
0.426818135000000	0.0157351880
0.426862492000000	0.0160077200
0.426906850000000	0.0162116210
0.426961853000000	0.0163612270
0.427001774000000	0.0163948370
0.427051899000000	0.0163458110
0.427105793000000	0.0161835980
0.427159687000000	0.0159150220
0.427226224000000	0.0154534500
0.427292760000000	0.0148745520
0.427365950000000	0.0141385640
0.427647620000000	0.0109941780
0.427727463000000	0.0101527830
0.427810634000000	0.0093369300
0.427870517000000	0.0087923220
0.427930400000000	0.0082848810
0.427990282000000	0.0078138350
0.428047947000000	0.0073940920
0.428103394000000	0.0070206620
0.428158841000000	0.0066754150
0.428242010000000	0.0062070650
0.428325181000000	0.0057933890
0.428408351000000	0.0054291730
0.428491522000000	0.0051094790
0.428574692000000	0.0048298120
0.428657862000000	0.0045863860
0.428752122000000	0.0043511030
0.428818658000000	0.0042064180
0.428951730000000	0.0039668570
0.429051535000000	0.0038273780
0.429151339000000	0.0037188990
0.429247104000000	0.0036418100
0.429334791000000	0.0035931110
0.429422478000000	0.0035637170
0.429510330000000	0.0035553870
0.429614067000000	0.0035709220
0.429717803000000	0.0036137740
0.429821539000000	0.0036852090
0.429925275000000	0.0037866230
0.429994433000000	0.0038717430
0.430092406000000	0.0040186220
0.430178853000000	0.0041739770
0.430265300000000	0.0043583290
0.430351747000000	0.0045735460
0.430438194000000	0.0048228510
0.430524640000000	0.0051096760
0.430611088000000	0.0054381140
0.430697534000000	0.0058126450
0.430783981000000	0.0062380820
0.430841613000000	0.0065524100
0.430899244000000	0.0068929450
0.430985690000000	0.0074556610
0.431045627000000	0.0078838910
0.431135532000000	0.0085857990
0.431225436000000	0.0093588520
0.431308425000000	0.0101295350
0.431585055000000	0.0128892960
0.431668044000000	0.0136608540
0.431737202000000	0.0142277840
0.431806359000000	0.0146950010
0.431869293000000	0.0150108480
0.431919778000000	0.0151771260
0.431992623000000	0.0152680420
0.432034579000000	0.0152370900
0.432085295000000	0.0151194510
0.432133705000000	0.0149288540
0.432179810000000	0.0146812770
0.432248967000000	0.0142037830
0.432318125000000	0.0136225960
0.432387282000000	0.0129662970
0.432673133000000	0.0100050240
0.432756122000000	0.0091915850
0.432839111000000	0.0084303200
0.432922100000000	0.0077276490
0.433008548000000	0.0070595060
0.433066179000000	0.0066494690
0.433123810000000	0.0062668000
0.433181441000000	0.0059102480
0.433239073000000	0.0055783940
0.433296704000000	0.0052697550
0.433354335000000	0.0049828010
0.433411966000000	0.0047160260
0.433498413000000	0.0043505270
0.433584860000000	0.0040225280
0.433671307000000	0.0037277900
0.433757754000000	0.0034625010
0.433844200000000	0.0032239510
0.433947937000000	0.0029676690
0.434017094000000	0.0028125120
0.434120830000000	0.0026010810
0.434224567000000	0.0024123470
0.434328303000000	0.0022433170
0.434432039000000	0.0020914180
0.434535775000000	0.0019544630
0.434639512000000	0.0018306050
0.434743248000000	0.0017182810
0.434846984000000	0.0016161570
0.434950720000000	0.0015230730
0.435054457000000	0.0014380170
0.435227350000000	0.0013116800
0.435365665000000	0.0012226370
0.435503980000000	0.0011425710
0.435642295000000	0.0010704900
0.435780610000000	0.0010052170
0.435918925000000	0.0009460510
0.436057240000000	0.0008921350
0.436195555000000	0.0008429640
0.436333870000000	0.0007979030
0.436472185000000	0.0007565830
0.436610500000000	0.0007186030
0.436794920000000	0.0006724950
0.436979340000000	0.0006308550
0.437163760000000	0.0005931860
0.437348180000000	0.0005589910
0.437532600000000	0.0005278480
0.437717020000000	0.0004994000
0.437901440000000	0.0004733400
0.438085860000000	0.0004494010
0.438454700000000	0.0004070050
0.438639120000000	0.0003881790
0.438915750000000	0.0003625370
0.439192380000000	0.0003394080
0.439469010000000	0.0003186980
0.439745640000000	0.0002998730
0.440022270000000	0.0002828840
0.440298900000000	0.0002673400
0.440806055000000	0.0002423200
0.441221000000000	0.0002245830
0.441589840000000	0.0002105360
0.441958680000000	0.0001978870
0.442327520000000	0.0001864530
0.442696360000000	0.0001760790
0.443065200000000	0.0001666350
0.443434040000000	0.0001580120
0.443802880000000	0.0001501100
0.444263930000000	0.0001411350
0.444724980000000	0.0001330840
0.445370450000000	0.0001229580
0.445831500000000	0.0001165280
0.446292550000000	0.0001106570
0.446753600000000	0.0001052770
0.447675700000000	0.0000957881
0.448597800000000	0.0000877024
0.449289375000000	0.0000824182
0.449894979000000	0.0000782905
0.449909982000000	0.0000785649
0.449919360000000	0.0000792557
0.449924985000000	0.0000800907
0.449930612000000	0.0000814443
0.449934363000000	0.0000827465
0.449938113000000	0.0000844636
0.449941864000000	0.0000866911
0.449945615000000	0.0000895329
0.449948428000000	0.0000921340
0.449951241000000	0.0000951913
0.449954054000000	0.0000987527
0.449956867000000	0.0001028650
0.449959680000000	0.0001075700
0.449962493000000	0.0001129070
0.449965307000000	0.0001189100
0.449968119000000	0.0001255940
0.449970932000000	0.0001329810
0.449973745000000	0.0001410680
0.449976559000000	0.0001498500
0.449979372000000	0.0001592940
0.449983122000000	0.0001728510
0.449986873000000	0.0001873980
0.449992499000000	0.0002106830
0.450006200000000	0.0002703880
0.450012400000000	0.0002963350
0.450017050000000	0.0003144560
0.450021700000000	0.0003310590
0.450026350000000	0.0003459100
0.450031000000000	0.0003588810
0.450035650000000	0.0003699420
0.450040300000000	0.0003791520
0.450046500000000	0.0003887820
0.450052700000000	0.0003957890
0.450058900000000	0.0004006740
0.450068200000000	0.0004051060
0.450080600000000	0.0004077420
0.450136399000000	0.0004089360
0.500000000000000	0.0003917040
0.600000000000000	0.0003658470
0.696270836000000	0.0003483390
0.800000000000000	0.0003350740
0.900000000000000	0.0003265250
1.000000000000000	0.0003654750
1.500000000000000	0.0003865150
1.878303430000000	0.0004204000
1.878920000000000	0.0004203990
1.892771750000000	0.0003914270
1.906623490000000	0.0003644680
1.923074730000000	0.0003351430
1.936952760000000	0.0003124210
1.952525750000000	0.0002889260
1.968716550000000	0.0002665440
1.979832630000000	0.0002522870
2.000000000000000	0.0002285420
2.107382070000000	0.0002145360
2.199340460000000	0.0002037560
2.302324770000000	0.0001928060
2.399127330000000	0.0001834550
2.500000000000000	0.0001745600
3.000000000000000	0.0001766130
3.052470000000000	0.0001781050
3.158679520000000	0.0001707980
3.324962910000000	0.0001603910
3.500000000000000	0.0001506210
3.727290000000000	0.0001510430
4.000000000000000	0.0001508840
4.093470000000000	0.0001524540
4.485630000000000	0.0001473410
4.500000000000000	0.0001438760
4.500170000000000	0.0001438830
4.518870000000000	0.0001406430
4.723388480000000	0.0001318530
5.000000000000000	0.0001213600
5.021660000000000	0.0001212610
5.165020000000000	0.0001161980
5.496400000000000	0.0001112530
5.500000000000000	0.0001108600
5.686510000000000	0.0001084320
5.910890000000000	0.0001070620
6.000000000000000	0.0001058160
6.500000000000000	0.0001071260
7.000000000000000	0.0001139050
7.500000000000000	0.0001241360
8.000000000000000	0.0001370230
8.310570000000000	0.0001459210
9.000000000000000	0.0001410130
9.225011600000000	0.0001311520
9.412937840000000	0.0001236110
9.618537690000000	0.0001160120
10.225896900000000	0.0000957655
10.414159600000000	0.0000898859
10.619717400000000	0.0000839864
10.808186300000000	0.0000790086
11.000000000000000	0.0000743259
11.241902800000000	0.0000688107
11.496938000000000	0.0000635515
11.674134900000000	0.0000601981
12.000000000000000	0.0000546009
12.173839200000000	0.0000504497
12.321269500000000	0.0000472185
12.487555500000000	0.0000438631
12.661388800000000	0.0000406524
12.853785900000000	0.0000374173
13.000000000000000	0.0000351608
13.120985000000000	0.0000330138
13.274761400000000	0.0000304982
13.404850200000000	0.0000285408
13.551222700000000	0.0000265084
13.662050000000000	0.0000250797
13.829992800000000	0.0000230796
14.121259700000000	0.0000198872
14.275274000000000	0.0000183082
14.405467800000000	0.0000170835
14.551854400000000	0.0000158157
14.704373700000000	0.0000146067
14.809279600000000	0.0000138359
15.000000000000000	0.0000125496
15.174964100000000	0.0000115725
15.322969200000000	0.0000108135
15.489492600000000	0.0000100267
15.663115500000000	0.0000092752
15.854742700000000	0.0000085195
16.000000000000000	0.0000079934
16.175248600000000	0.0000074548
16.323398700000000	0.0000070320
16.489981600000000	0.0000065893
16.670350300000000	0.0000061459
16.834368300000000	0.0000057724
17.000000000000000	0.0000054216
17.244667200000000	0.0000050097
17.500668900000000	0.0000046176
17.677391000000000	0.0000043680
18.000000000000000	0.0000039522
18.337669100000000	0.0000036351
18.571522700000000	0.0000034336
19.000000000000000	0.0000030986
19.245212000000000	0.0000029554
19.618976500000000	0.0000027530
20.000000000000000	0.0000025646
