0.000000000010000	152.8898000000
0.000000000010300	150.6555920000
0.000000000010609	148.4549560000
0.000000000010927	146.2856980000
0.000000000011254	144.1497030000
0.000000000011592	142.0439380000
0.000000000011940	139.9702820000
0.000000000012298	137.9260740000
0.000000000012666	135.9130450000
0.000000000013046	133.9283520000
0.000000000013437	131.9744500000
0.000000000013840	130.0478820000
0.000000000014255	128.1510600000
0.000000000014683	126.2810820000
0.000000000015123	124.4395350000
0.000000000015577	122.6240060000
0.000000000016043	120.8366370000
0.000000000016525	119.0743790000
0.000000000017020	117.3392190000
0.000000000017530	115.6287150000
0.000000000018056	113.9442290000
0.000000000018598	112.2837370000
0.000000000019155	110.6487030000
0.000000000019730	109.0369310000
0.000000000020321	107.4497640000
0.000000000020931	105.8850590000
0.000000000021558	104.3446190000
0.000000000022205	102.8258750000
0.000000000022870	101.3305560000
0.000000000023556	99.8563310000
0.000000000024262	98.4049461000
0.000000000024990	96.9740941000
0.000000000025739	95.5652333000
0.000000000026511	94.1764502000
0.000000000027306	92.8089389000
0.000000000028125	91.4609891000
0.000000000028968	90.1336563000
0.000000000029837	88.8252504000
0.000000000030731	87.5370498000
0.000000000031653	86.2672024000
0.000000000032602	85.0168522000
0.000000000033580	83.7843798000
0.000000000034586	82.5708631000
0.000000000035624	81.3746652000
0.000000000036691	80.1969467000
0.000000000037792	79.0360007000
0.000000000038925	77.8930302000
0.000000000040092	76.7663140000
0.000000000041294	75.6571016000
0.000000000042533	74.5636550000
0.000000000043808	73.4872085000
0.000000000045122	72.4261130000
0.000000000046474	71.3814559000
0.000000000047868	70.3517697000
0.000000000049303	69.3380047000
0.000000000050782	68.3388116000
0.000000000052304	67.3550702000
0.000000000053873	66.3854698000
0.000000000055488	65.4309204000
0.000000000057152	64.4900980000
0.000000000058865	63.5638745000
0.000000000060631	62.6509582000
0.000000000062448	61.7523015000
0.000000000064322	60.8665718000
0.000000000066250	59.9946187000
0.000000000068237	59.1352292000
0.000000000070282	58.2892903000
0.000000000072390	57.4555413000
0.000000000074560	56.6348260000
0.000000000076797	55.8259593000
0.000000000079099	55.0297798000
0.000000000081471	54.2451273000
0.000000000083913	53.4727489000
0.000000000086430	52.7115725000
0.000000000089021	51.9623720000
0.000000000091691	51.2240536000
0.000000000094440	50.4973283000
0.000000000097273	49.7812020000
0.000000000100424	49.0207427000
0.000000000103434	48.3274629000
0.000000000106537	47.6441855000
0.000000000109730	46.9718754000
0.000000000113021	46.3094055000
0.000000000116409	45.6572550000
0.000000000119901	45.0147552000
0.000000000123495	44.3824510000
0.000000000127199	43.7594970000
0.000000000131012	43.1463468000
0.000000000134942	42.5422705000
0.000000000138987	41.9478596000
0.000000000143156	41.3621824000
0.000000000147447	40.7859388000
0.000000000151870	40.2181474000
0.000000000156422	39.6595655000
0.000000000161114	39.1092119000
0.000000000165943	38.5677514000
0.000000000170921	38.0343152000
0.000000000176044	37.5095378000
0.000000000181325	36.9925462000
0.000000000186760	36.4839950000
0.000000000192362	35.9830199000
0.000000000198128	35.4902212000
0.000000000204267	34.9891666000
0.000000000210390	34.5119023000
0.000000000216701	34.0418818000
0.000000000223197	33.5795517000
0.000000000229891	33.1242747000
0.000000000236783	32.6764112000
0.000000000243885	32.2354033000
0.000000000251196	31.8016834000
0.000000000258730	31.3746041000
0.000000000266486	30.9545945000
0.000000000274479	30.5410449000
0.000000000282707	30.1343945000
0.000000000292415	29.6775002000
0.000000000302457	29.2290154000
0.000000000312844	28.7888097000
0.000000000323588	28.3567550000
0.000000000334700	27.9327256000
0.000000000346194	27.5165978000
0.000000000358083	27.1082499000
0.000000000370380	26.7075625000
0.000000000383100	26.3144182000
0.000000000396256	25.9287015000
0.000000000409864	25.5502989000
0.000000000423939	25.1790988000
0.000000000438498	24.8149916000
0.000000000453557	24.4578694000
0.000000000469133	24.1076261000
0.000000000485244	23.7641575000
0.000000000501908	23.4273610000
0.000000000519144	23.0971357000
0.000000000536972	22.7733825000
0.000000000555413	22.4560037000
0.000000000574486	22.1449033000
0.000000000594215	21.8399868000
0.000000000614621	21.5411613000
0.000000000635729	21.2483353000
0.000000000657560	20.9614187000
0.000000000680142	20.6803227000
0.000000000703499	20.4049602000
0.000000000727659	20.1352451000
0.000000000752648	19.8710928000
0.000000000778495	19.6124197000
0.000000000805229	19.3591437000
0.000000000832882	19.1111837000
0.000000000861485	18.8684598000
0.000000000891070	18.6308933000
0.000000000921670	18.3984065000
0.000000000953322	18.1709226000
0.000000000986061	17.9483662000
0.000000001021337	17.7218353000
0.000000001056411	17.5091071000
0.000000001092690	17.3010792000
0.000000001130214	17.0976873000
0.000000001169028	16.8988487000
0.000000001209174	16.7045048000
0.000000001250699	16.5145800000
0.000000001293650	16.3290073000
0.000000001343724	16.1254023000
0.000000001395760	15.9270298000
0.000000001449786	15.7339797000
0.000000001505930	15.5459781000
0.000000001564220	15.3631090000
0.000000001624796	15.1851072000
0.000000001687687	15.0120519000
0.000000001753044	14.8436865000
0.000000001820899	14.6800834000
0.000000001891414	14.5209985000
0.000000001964626	14.3664909000
0.000000002042673	14.2125826000
0.000000002121739	14.0669326000
0.000000002203905	13.9254585000
0.000000002289212	13.7882080000
0.000000002377863	13.6549664000
0.000000002469903	13.5257746000
0.000000002576380	13.3867692000
0.000000002687447	13.2524692000
0.000000002803302	13.1227607000
0.000000002924152	12.9975305000
0.000000003050211	12.8766664000
0.000000003181705	12.7600566000
0.000000003318867	12.6475902000
0.000000003461943	12.5391570000
0.000000003626492	12.4243868000
0.000000003798795	12.3142635000
0.000000003979355	12.2085592000
0.000000004168423	12.1072135000
0.000000004366552	12.0100085000
0.000000004574017	11.9168799000
0.000000004811647	11.8197123000
0.000000005061623	11.7270148000
0.000000005324585	11.6386151000
0.000000005601208	11.5543439000
0.000000005892203	11.4740352000
0.000000006224587	11.3913041000
0.000000006575605	11.3128566000
0.000000006946540	11.2384457000
0.000000007369373	11.1626470000
0.000000007817943	11.0911061000
0.000000008293818	11.0236002000
0.000000008835795	10.9555163000
0.000000009413356	10.8915475000
0.000000010042385	10.8302171000
0.000000010743972	10.7702604000
0.000000011543087	10.7108300000
0.000000012401860	10.6554892000
0.000000013380760	10.6010631000
0.000000014436927	10.5506142000
0.000000015642202	10.5013636000
0.000000017019934	10.4536084000
0.000000018597506	10.4076151000
0.000000020407072	10.3636143000
0.000000022487221	10.3217831000
0.000000025197690	10.2776391000
0.000000025300000	10.2761581000
0.000000028115730	10.2396285000
0.000000031509134	10.2042798000
0.000000035461772	10.1716349000
0.000000040248565	10.1406850000
0.000000046068744	10.1117177000
0.000000053268302	10.0846432000
0.000000062271016	10.0595964000
0.000000073723493	10.0365747000
0.000000088793509	10.0153294000
0.000000108807787	9.9962094900
0.000000136660159	9.9789168400
0.000000176790418	9.9635768800
0.000000237557446	9.9502066800
0.000000335795259	9.9388134800
0.000000509961730	9.9293771900
0.000000867951484	9.9218098700
0.000001998008720	9.9154697300
0.000473339901000	9.7874860900
0.004585735450000	8.9587097400
0.006614381990000	8.6133720200
0.010276639100000	8.0849121300
0.020000000000000	7.0521581800
0.040000000000000	5.8486288900
0.060000010000000	5.1753695300
0.080000010000000	4.7357423000
0.099946270200000	4.4200502600
0.121692990000000	4.1587070700
0.141975155000000	3.9618555500
0.162257320000000	3.7965714200
0.185078970000000	3.6377516700
0.202821650000000	3.5286000800
0.253390811000000	3.2628532200
0.304232475000000	3.0410616600
0.354937989000000	2.8476593400
0.400000100000000	2.6949143900
0.410000100000000	2.6723578000
0.420122772000000	2.6900710800
0.422000100000000	2.7112615600
0.424000100000000	2.7545254200
0.425000100000000	2.7905638600
0.426000100000000	2.8435390700
0.427000100000000	2.9244738600
0.428000100000000	3.0545902600
0.429000100000000	3.2793957700
0.430000100000000	3.7032862400
0.430200100000000	3.8299488200
0.430400100000000	3.9806411200
0.430600100000000	4.1582295800
0.430800100000000	4.3688382800
0.431000100000000	4.6200833200
0.431200100000000	4.9213128000
0.431350100000000	5.1884453200
0.431450100000000	5.3880469800
0.431600100000000	5.7220458200
0.431750100000000	6.1112839900
0.431850100000000	6.4011862500
0.432000100000000	6.8836382800
0.432150100000000	7.4363294500
0.432250100000000	7.8380315700
0.432400100000000	8.4875658100
0.432800100000000	10.3473369000
0.433000100000000	11.1392247000
0.433175100000000	11.5935968000
0.433225100000000	11.6673400000
0.433362600000000	11.7291378000
0.433425100000000	11.6927556000
0.433600100000000	11.3601716000
0.433800100000000	10.6609237000
0.434000100000000	9.7729359200
0.434250100000000	8.6155303700
0.434400100000000	7.9600452700
0.434550100000000	7.3663310200
0.434650100000000	7.0036583700
0.434800100000000	6.5098277100
0.434950100000000	6.0830019500
0.435000100000000	5.9586605300
0.435062600000000	5.8371902300
0.435937600000000	4.3742747600
0.436000100000000	4.2841752300
0.436062600000000	4.2251290100
0.437000100000000	3.5599077900
0.438000100000000	3.2031019100
0.439000100000000	3.0039238300
0.440000100000000	2.8817573300
0.442000100000000	2.7444163300
0.444000100000000	2.6713221900
0.446000100000000	2.6263115200
0.450000100000000	2.5725536200
0.455000100000000	2.5326327600
0.460000100000000	2.5039203400
0.474000100000000	2.4442224100
0.482000100000000	2.4227448000
0.486000100000000	2.4308182400
0.488000100000000	2.4528020400
0.490600100000000	2.4972874800
0.491200100000000	2.5002825700
0.492100100000000	2.4926089200
0.496000100000000	2.4111333800
0.498000100000000	2.3839861500
0.502000100000000	2.3507469400
0.550000100000000	2.1199834200
0.560000100000000	2.0620782100
0.570000100000000	1.9949694200
0.580000100000000	1.9139562000
0.590000100000000	1.8120374700
0.600000100000000	1.6799407000
0.605000100000000	1.6000638700
0.615000100000000	1.4257434200
0.618000100000000	1.3812609200
0.620000100000000	1.3599878700
0.622000100000000	1.3486264700
0.624250100000000	1.3527242800
0.626000100000000	1.3705399000
0.628000100000000	1.4101957000
0.630000100000000	1.4708884500
0.635000100000000	1.6986251600
0.640000100000000	1.9602709300
0.642000100000000	2.0523703100
0.644000100000000	2.1318593400
0.646000100000000	2.1976649700
0.648000100000000	2.2502755300
0.650000100000000	2.2908929800
0.652000100000000	2.3212897200
0.655000100000000	2.3511293800
0.660000100000000	2.3713154700
0.669311546000000	2.3563084500
0.680000100000000	2.3122834800
0.710000100000000	2.1709038100
0.740000100000000	2.0468011300
0.840000100000000	1.6751837300
0.860000100000000	1.5947813100
0.880000100000000	1.5075772200
0.900000100000000	1.4100763900
0.920000100000000	1.2971753600
0.930000100000000	1.2330743500
0.960000200000000	1.0169244200
0.965000200000000	0.9886432630
0.970000200000000	0.9740866980
0.975000200000000	0.9865172210
0.980000200000000	1.0487963000
0.985000200000000	1.1959845100
0.990000200000000	1.4666113300
0.995000200000000	1.8655997300
1.000000000000000	2.3079667500
1.005000000000000	2.6437592600
1.010000000000000	2.7902005900
1.012000000000000	2.8010371800
1.014000000000000	2.7912006400
1.018000000000000	2.7301682100
1.040000000000000	2.2281187900
1.045000000000000	2.1406466500
1.050000000000000	2.0652388300
1.055000000000000	2.0004359500
1.060000000000000	1.9454320800
1.065000000000000	1.8996326800
1.070000000000000	1.8629368300
1.075000000000000	1.8361460600
1.080000000000000	1.8212669600
1.085000000000000	1.8224087500
1.090000000000000	1.8477939700
1.095000000000000	1.9141769100
1.100000000000000	2.0574920800
1.105000000000000	2.3590090000
1.110000000000000	2.9765365200
1.114000000000000	3.7089083400
1.116000000000000	3.9834825500
1.117000000000000	4.0396890800
1.118000000000000	4.0258291400
1.119000000000000	3.9440225900
1.120000000000000	3.8052619600
1.125000000000000	2.8570620600
1.130000000000000	2.2114906900
1.135000000000000	1.8753737900
1.140000000000000	1.6917664700
1.145000000000000	1.5817849900
1.150000000000000	1.5102993500
1.155000000000000	1.4609592600
1.160000000000000	1.4258369500
1.165000000000000	1.4008307600
1.170000000000000	1.3847378400
1.174000000000000	1.3800506100
1.176000000000000	1.3827803800
1.178000000000000	1.3929496100
1.180000000000000	1.4233540500
1.181000000000000	1.4605457900
1.182000000000000	1.5437836600
1.182125000000000	1.5684726700
1.182937500000000	1.7548966500
1.183000000000000	1.7739044400
1.183100000000000	1.8146898200
1.183200000000000	1.8643951900
1.183300000000000	1.9230223100
1.183400000000000	1.9903579400
1.183500000000000	2.0700252800
1.183600000000000	2.1619732600
1.183700000000000	2.2711845500
1.183775000000000	2.3634894300
1.183850000000000	2.4683499000
1.184000000000000	2.7122035500
1.184100000000000	2.9025848800
1.184375000000000	3.4712621400
1.184450000000000	3.6055001700
1.184525000000000	3.7179103000
1.184575000000000	3.7756719200
1.184625000000000	3.8114207100
1.184687500000000	3.8251364900
1.184750000000000	3.8125673700
1.184800000000000	3.7809987600
1.184850000000000	3.7265664100
1.184925000000000	3.6133691500
1.185000000000000	3.4784835600
1.185250000000000	2.9508211600
1.185350000000000	2.7516903200
1.185425000000000	2.6154468900
1.185525000000000	2.4547289700
1.185600000000000	2.3469777100
1.185675000000000	2.2525729500
1.185800000000000	2.1166729400
1.185900000000000	2.0271187500
1.186000000000000	1.9498049600
1.186100000000000	1.8847127300
1.186200000000000	1.8282395500
1.186350000000000	1.7586970600
1.186500000000000	1.7025926700
1.186600000000000	1.6709544800
1.186800000000000	1.6192968400
1.187000000000000	1.5791860100
1.187200000000000	1.5475071800
1.187500000000000	1.5113791800
1.188000000000000	1.4714916700
1.189000000000000	1.4292041000
1.190000000000000	1.4103464300
1.192000000000000	1.4003063000
1.194000000000000	1.4071329900
1.196000000000000	1.4252504500
1.198000000000000	1.4559056100
1.200000000000000	1.5036576600
1.205000000000000	1.7480130500
1.210000000000000	2.0510712200
1.215000000000000	1.7982616700
1.220000000000000	1.5577368800
1.225000000000000	1.4562976700
1.230000000000000	1.4135163600
1.235000000000000	1.3955490100
1.240000000000000	1.3898209500
1.250000000000000	1.3969080500
1.260000000000000	1.4177067900
1.270000000000000	1.4472027700
1.280000000000000	1.4839034000
1.290000000000000	1.5280106700
1.300000000000000	1.5821128400
1.310000000000000	1.6531299700
1.315000000000000	1.7001601000
1.320000000000000	1.7610128500
1.325000000000000	1.8451175100
1.330000000000000	1.9713342100
1.335000000000000	2.1782481200
1.340000000000000	2.5389604800
1.345000000000000	3.1061687900
1.350000000000000	3.4927675200
1.355000000000000	3.1235483800
1.360000000000000	2.6055714000
1.362000000000000	2.4599708500
1.364000000000000	2.3491802800
1.366000000000000	2.2664910100
1.368000000000000	2.2056224900
1.370000000000000	2.1616714200
1.372000000000000	2.1310302300
1.374000000000000	2.1108032500
1.378000000000000	2.0945663100
1.380625000000000	2.0990195200
1.385000000000000	2.1211207100
1.390000000000000	2.1703601300
1.400000000000000	2.2959962100
1.403000000000000	2.3221820300
1.407000000000000	2.3363820000
1.409750000000000	2.3305319600
1.415000000000000	2.2871588700
1.425000000000000	2.1600217600
1.430000000000000	2.1032436700
1.435000000000000	2.0570397100
1.440000000000000	2.0207304700
1.450000000000000	1.9709212700
1.460000000000000	1.9407146400
1.470000000000000	1.9216066400
1.490000000000000	1.9000988500
1.530000000000000	1.8851958600
1.542500000000000	1.8895143300
1.555000000000000	1.9036180500
1.565000000000000	1.9364596000
1.570000000000000	1.9695225900
1.575000000000000	2.0258640100
1.580000000000000	2.1284355800
1.582000000000000	2.1925037100
1.584000000000000	2.2777280700
1.586000000000000	2.3920863300
1.588000000000000	2.5458617000
1.590000000000000	2.7503452000
1.592000000000000	3.0106524900
1.595000000000000	3.4486188700
1.596000000000000	3.5717401900
1.598000000000000	3.6932781800
1.600000000000000	3.6087134000
1.602000000000000	3.3711818800
1.604000000000000	3.0875966800
1.606000000000000	2.8302548800
1.608000000000000	2.6227194400
1.610000000000000	2.4630917800
1.615000000000000	2.2107138700
1.620000000000000	2.0764305800
1.625000000000000	1.9984617000
1.630000000000000	1.9493808100
1.635000000000000	1.9162405000
1.645000000000000	1.8749173300
1.655000000000000	1.8507143100
1.670000000000000	1.8294068500
1.695000000000000	1.8171035400
1.707500000000000	1.8224173400
1.720000000000000	1.8369105500
1.727500000000000	1.8548350100
1.735000000000000	1.8813250800
1.740000000000000	1.9069383300
1.745000000000000	1.9408570800
1.750000000000000	1.9859803800
1.755000000000000	2.0459069800
1.760000000000000	2.1247310800
1.765000000000000	2.2261297100
1.770000000000000	2.3496522000
1.775000000000000	2.4832453400
1.780000000000000	2.5952207100
1.782000000000000	2.6237650300
1.785000000000000	2.6387350000
1.788000000000000	2.6227531600
1.790000000000000	2.5927930800
1.795000000000000	2.4732136500
1.805000000000000	2.1899343800
1.810000000000000	2.0751424800
1.815000000000000	1.9842194300
1.820000000000000	1.9134894200
1.825000000000000	1.8583632600
1.830000000000000	1.8148449200
1.835000000000000	1.7801288600
1.842500000000000	1.7401869800
1.855000000000000	1.6922222500
1.870000000000000	1.6537138500
1.890000000000000	1.6179051800
1.920000000000000	1.5796000100
1.970000000000000	1.5320964400
2.040000000000000	1.4787955100
2.100000000000000	1.4408976700
2.150000000000000	1.4212995000
2.165000000000000	1.4232420000
2.180000000000000	1.4337214000
2.190000000000000	1.4503346800
2.202000000000000	1.4841185100
2.216000000000000	1.5337513300
2.222000000000000	1.5481325200
2.228001000000000	1.5525312200
2.235001000000000	1.5444056100
2.270001000000000	1.4494115900
2.285001000000000	1.4214439900
2.310001000000000	1.3892080600
2.340001000000000	1.3643047700
2.400001000000000	1.3328851000
2.440001000000000	1.3050130200
2.460001000000000	1.3000182800
2.474876000000000	1.3057146900
2.475001000000000	1.3116865100
2.475126000000000	1.3276320800
2.475876000000000	1.4565970400
2.476001000000000	1.4665875500
2.476071320000000	1.4631444200
2.476211940000000	1.4429148500
2.476915070000000	1.3217251500
2.477020540000000	1.3100667000
2.477126000000000	1.3055919200
2.487501000000000	1.2923340000
2.492501000000000	1.2899970000
2.495001000000000	1.2900739200
2.500501000000000	1.3018758500
2.507501000000000	1.3298205900
2.508501000000000	1.3410424500
2.509501000000000	1.3650802800
2.510501000000000	1.3695641400
2.511126000000000	1.3671584100
2.511376000000000	1.3674940300
2.513001000000000	1.3304998400
2.515001000000000	1.3171558500
2.520001000000000	1.3075779200
2.530001000000000	1.2982471200
2.540001000000000	1.2951599700
2.560001000000000	1.3018145400
2.580001000000000	1.3005624700
2.600001000000000	1.2858087000
2.620001000000000	1.2841264900
2.640001000000000	1.3128058300
2.650001000000000	1.2927969000
2.660001000000000	1.2433735300
2.670001000000000	1.2030687300
2.680001000000000	1.1884826800
2.690313500000000	1.1901077200
2.695001000000000	1.2053801700
2.700001000000000	1.2487523600
2.704001000000000	1.3099763100
2.706001000000000	1.3352435500
2.708001000000000	1.3417461400
2.710001000000000	1.3264164400
2.712001000000000	1.2924982000
2.716001000000000	1.2084257200
2.718001000000000	1.1742885000
2.720001000000000	1.1456395400
2.725001000000000	1.0904846200
2.730001000000000	1.0537692500
2.735001000000000	1.0306152400
2.740001000000000	1.0135349500
2.750001000000000	0.9962192460
2.755001000000000	0.9983819820
2.760001000000000	1.0128982800
2.790001000000000	1.1651404500
2.800001000000000	1.2037933900
2.820001000000000	1.2406528600
2.840001000000000	1.2563767800
2.860001000000000	1.2549699600
2.880001000000000	1.2580794300
2.885001000000000	1.2853723900
2.890001000000000	1.3543704100
2.892063500000000	1.3502861900
2.896001000000000	1.2808718400
2.898001000000000	1.2569343600
2.902001000000000	1.2310196600
2.906001000000000	1.2160439700
2.908001000000000	1.1917622000
2.910001000000000	1.2024877900
2.912001000000000	1.2189244300
2.914001000000000	1.2529786400
2.918001000000000	1.2843579100
2.920001000000000	1.2918929600
2.930001000000000	1.3111877800
2.935001000000000	1.3274143700
2.940001000000000	1.3589960200
2.942001000000000	1.3797223000
2.944501000000000	1.4125925700
2.946001000000000	1.4400325500
2.948001000000000	1.4930952800
2.950001000000000	1.5743926800
2.952001000000000	1.6934048200
2.955001000000000	1.9252435800
2.956001000000000	1.9901636800
2.957001000000000	2.0286566100
2.957751000000000	2.0314086500
2.958001000000000	2.0303456600
2.959001000000000	1.9969239700
2.960001000000000	1.9328395400
2.962001000000000	1.7785866300
2.964001000000000	1.6445269200
2.966001000000000	1.5476456300
2.968001000000000	1.4802957100
2.970001000000000	1.4350505800
2.975001000000000	1.3682242500
2.980001000000000	1.3361519200
2.985001000000000	1.3217481600
2.990001000000000	1.3160086700
3.002501000000000	1.3243833100
3.040001000000000	1.3326851500
3.060001000000000	1.3311217000
3.070001000000000	1.3403627200
3.080001000000000	1.3655292700
3.085001000000000	1.3679840300
3.090001000000000	1.3670799900
3.100001000000000	1.3492658900
3.120001000000000	1.3272987400
3.130001000000000	1.3250856300
3.149688500000000	1.3338043300
3.160001000000000	1.3662608600
3.170001000000000	1.4132587300
3.180001000000000	1.4733199400
3.190001000000000	1.5404537800
3.195001000000000	1.5691459100
3.200001000000000	1.5867466300
3.210001000000000	1.5765610500
3.220001000000000	1.5115738700
3.230001000000000	1.4288866700
3.240001000000000	1.3536030800
3.250001000000000	1.2947321400
3.260001000000000	1.2513988700
3.280001000000000	1.1969872900
3.300001000000000	1.1785263700
3.320001000000000	1.1922335800
3.380001000000000	1.1818181800
3.400001000000000	1.1715001100
3.420001000000000	1.1479271200
3.440001000000000	1.1323605800
3.460001000000000	1.1268499400
3.480313500000000	1.1579952400
3.485001000000000	1.1804652400
3.490001000000000	1.2179386200
3.495001000000000	1.2897335200
3.500001000000000	1.4004466200
3.502001000000000	1.4564802500
3.506001000000000	1.5778645100
3.508001000000000	1.6250633800
3.510001000000000	1.6479477700
3.512001000000000	1.6365258700
3.514001000000000	1.5918416700
3.516001000000000	1.5284041600
3.520501000000000	1.3760223600
3.523001000000000	1.3111210200
3.524001000000000	1.3065262700
3.530001000000000	1.3347902000
3.550001000000000	1.3773888900
3.555001000000000	1.4024600300
3.558001000000000	1.4258160500
3.560001000000000	1.4530449700
3.562001000000000	1.4874602600
3.566001000000000	1.5710159800
3.568001000000000	1.6000640000
3.569751000000000	1.6014132700
3.572001000000000	1.5683362800
3.576001000000000	1.4719446200
3.578001000000000	1.4392349900
3.579001000000000	1.4276565600
3.585001000000000	1.3821966800
3.590001000000000	1.3513576700
3.595001000000000	1.3310609700
3.600001000000000	1.3199410600
3.610001000000000	1.3073077800
3.640001000000000	1.2925580800
3.668126000000000	1.3082306900
3.730001000000000	1.3146523400
3.800001000000000	1.3407598000
3.860001000000000	1.3805754800
3.920001000000000	1.4319137000
3.940001000000000	1.4408021600
3.960001000000000	1.4361630500
4.000001000000000	1.4433907700
4.020001000000000	1.4788948300
4.050001000000000	1.5657692700
4.060001000000000	1.5837305100
4.090001000000000	1.5596704600
4.100001000000000	1.5603748700
4.110001000000000	1.5813154300
4.130001000000000	1.6771512800
4.170001000000000	1.8373203000
4.180001000000000	1.8688610800
4.190001000000000	1.8692179800
4.200623000000000	1.8415538800
4.232489000000000	1.7270159000
4.260001000000000	1.6116927600
4.302158000000000	1.4671479900
4.350001000000000	1.3699143100
4.420001000000000	1.2769300700
4.460001000000000	1.2369858900
4.480001000000000	1.2349623000
4.500626000000000	1.2628448800
4.506251000000000	1.2629067500
4.510001000000000	1.2627825500
4.520313500000000	1.2292490800
4.525001000000000	1.2020528800
4.535001000000000	1.1284256200
4.540001000000000	1.1076952600
4.550001000000000	1.1414734800
4.570001000000000	1.2309238000
4.580001000000000	1.2711314400
4.590001000000000	1.2943552900
4.600001000000000	1.2928252700
4.610001000000000	1.2802790800
4.620001000000000	1.2418721500
4.640001000000000	1.1316810000
4.660001000000000	1.0281177400
4.680001000000000	0.9521821690
4.720001000000000	0.8406614890
4.735001000000000	0.8131318420
4.760001000000000	0.7769654710
4.780001000000000	0.7512118320
4.820001000000000	0.7151326980
4.880001000000000	0.6966082130
4.900001000000000	0.6997913000
4.940001000000000	0.7148067630
4.955001000000000	0.7266146540
4.980001000000000	0.7526902250
5.000001000000000	0.7774251890
5.020001000000000	0.8133683360
5.040001000000000	0.8585576020
5.060001000000000	0.9099700000
5.080001000000000	0.9668176460
5.140001000000000	1.1476281700
5.150001000000000	1.1702296700
5.180001000000000	1.2220958800
5.220001000000000	1.2802027300
5.240001000000000	1.3019028000
5.260001000000000	1.3152857200
5.290001000000000	1.3210725000
5.360001000000000	1.3069951900
5.420001000000000	1.2856659300
5.515001000000000	1.2390640000
5.525001000000000	1.2378020000
5.540001000000000	1.2418399700
5.560001000000000	1.2623262200
5.580001000000000	1.2676628800
5.600001000000000	1.2358540700
5.620001000000000	1.2090367300
5.700001000000000	1.1624871500
5.800001000000000	1.0640980200
5.820001000000000	1.0493025000
5.840001000000000	1.0421490100
5.861789000000000	1.0388151500
5.880895000000000	1.0401011400
5.900001000000000	1.0471930700
5.920001000000000	1.0596975700
5.940001000000000	1.0777560700
5.950001000000000	1.0834362600
5.970001000000000	1.0854465800
5.980001000000000	1.0780162300
6.010001000000000	1.0447426100
6.020001000000000	1.0421025500
6.060001000000000	1.0724383100
6.085001000000000	1.0878005000
6.101405000000000	1.1067929500
6.120001000000000	1.1226776200
6.160001000000000	1.1426446400
6.200001000000000	1.1491705000
6.220001000000000	1.1574321200
6.240485980000000	1.1378551200
6.254502000000000	1.0981157200
6.280001000000000	1.0348697100
6.300001000000000	0.9894665220
6.320001000000000	0.9565394260
6.360001000000000	0.9297012700
6.380001000000000	0.9220749180
6.395001000000000	0.9250893070
6.500001000000000	0.9857874250
6.520001000000000	1.0036285700
6.541886000000000	1.0163332300
6.550943500000000	1.0155143400
6.600001000000000	0.9805565740
6.700002000000000	0.8969867120
6.728849000000000	0.8772613270
6.800002000000000	0.8416995440
6.850002000000000	0.8245503910
6.900002000000000	0.8201735050
6.950002000000000	0.8242613170
7.000002000000000	0.8457943470
7.080002000000000	0.9010473820
7.140002000000000	0.9545683450
7.200002000000000	1.0243994700
7.280002000000000	1.1344767800
7.295002000000000	1.1472540000
7.310002000000000	1.1543925800
7.319377000000000	1.1454875500
7.340002000000000	1.0981378600
7.350002000000000	1.0916939200
7.360939500000000	1.1085697200
7.400002000000000	1.2101684400
7.410002000000000	1.2277702200
7.420002000000000	1.2323209200
7.450674000000000	1.2078921600
7.460002000000000	1.1926044600
7.480002000000000	1.1340196800
7.500002000000000	1.0845663000
7.535441000000000	1.0289325400
7.550002000000000	1.0172737900
7.600002000000000	0.9906471510
7.650002000000000	0.9730117550
7.700002000000000	0.9693576690
7.720002000000000	0.9697726310
7.740002000000000	0.9766735150
7.800002000000000	1.0323915100
7.840002000000000	1.0828515100
7.880002000000000	1.1534286900
7.900002000000000	1.1485374800
7.920002000000000	1.0803860000
7.960002000000000	0.9539555410
7.979999000000000	0.8990990260
7.990002000000000	0.8780297420
8.000002000000000	0.8623290300
8.050002000000000	0.8418036430
8.100002000000000	0.8353366590
8.150002000000000	0.8395199990
8.200002000000000	0.8510055160
8.250002000000000	0.8421832640
8.300002000000000	0.8201994760
8.350002000000000	0.8061125160
8.400002000000000	0.8208389090
8.450002000000000	0.8478909490
8.500002000000000	0.8644713090
8.540771000000000	0.8633326950
8.650002000000000	0.8897061660
8.722199000000000	0.8966968870
8.800002000000000	0.8921101070
8.900002000000000	0.8706706830
8.950002000000000	0.8650241240
9.000002000000000	0.8632419180
9.100002000000000	0.8691549460
9.250002000000000	0.8433457740
9.300002000000000	0.8394106490
9.380002000000000	0.8401488680
9.457473000000000	0.8344334620
9.696014000000000	0.8550375000
9.917002000000000	0.8670333610
10.016310000000000	0.8749643380
10.100000000000000	0.8855905020
10.300000000000000	0.8995313180
10.350000000000000	0.8879167210
10.400000000000000	0.8696821220
10.452000000000000	0.8547205110
10.453000000000000	0.8512850430
10.500000000000000	0.8351333030
10.550000000000000	0.8434899400
10.600000000000000	0.8665262450
10.650000000000000	0.8851300890
10.700000000000000	0.8920917920
10.750000000000000	0.8851172410
10.800000000000000	0.8661522090
10.900000000000000	0.8199727150
10.989000000000000	0.7832105940
11.100000000000000	0.7667122520
11.206825000000000	0.7730304790
11.524000000000000	0.8315002780
11.525000000000000	0.8307822220
11.650000000000000	0.8570160010
11.800000000000000	0.8925460450
12.200000000000000	0.9625453890
12.400000000000000	0.9838765160
12.800000000000000	0.9920731310
12.966500000000000	0.9896977300
13.133000000000000	0.9818942410
13.200000000000000	0.9754379230
13.600000000000000	0.9696665860
13.669000000000000	0.9700047260
13.900000000000000	0.9689008550
14.300000000000000	0.9698706390
14.400000000000000	0.9698307940
14.500000000000000	0.9699998120
14.600000000000000	0.9699670380
15.500000000000000	0.9736106500
16.080000000000000	0.9822033530
16.500000000000000	0.9728040190
16.600000000000000	0.9757851540
16.900000000000000	0.9951653730
17.000000000000000	0.9962068390
17.500000000000000	0.9782009610
18.224000000000000	0.9589559160
18.493000000000000	0.9588366540
19.600000000000000	0.9996525900
20.000000000000000	1.0190106400
21.000000000000000	0.9918316680
22.000000000000000	0.9724266110
23.000000000000000	0.9610010440
24.000000000000000	0.9576565520
26.000000000000000	0.9585513920
27.000000000000000	0.9541031090
38.000000000000000	0.8600143500
40.000000000000000	0.8390043310
47.000000000000000	0.7409652490
50.000000000000000	0.7023977230
60.846495000000000	0.5877289760
66.000000000000000	0.5309889620
69.000000000000000	0.5004157100
72.000000000000000	0.4729622090
76.000000000000000	0.4404076300
85.000000000000000	0.3726890570
88.000000000000000	0.3522197980
91.000000000000000	0.3343547370
95.000000000000000	0.3128899920
101.410825000000000	0.2813125660
116.000000000000000	0.2129847740
120.000000000000000	0.1962047950
124.000000000000000	0.1821086740
127.000000000000000	0.1730631000
130.000000000000000	0.1649252780
134.000000000000000	0.1554850420
150.000000000000000	0.1201812480
