0.000000000010000	40.6568389000
0.000000000010300	40.0640544000
0.000000000010609	39.4801974000
0.000000000010927	38.9046856000
0.000000000011254	38.3380188000
0.000000000011592	37.7793930000
0.000000000011940	37.2293060000
0.000000000012298	36.6870525000
0.000000000012666	36.1530912000
0.000000000013046	35.6266683000
0.000000000013437	35.1084348000
0.000000000013840	34.5974737000
0.000000000014255	34.0944247000
0.000000000014683	33.5985185000
0.000000000015123	33.1101757000
0.000000000015577	32.6287563000
0.000000000016043	32.1548285000
0.000000000016525	31.6875839000
0.000000000017020	31.2275490000
0.000000000017530	30.7740766000
0.000000000018056	30.3275276000
0.000000000018598	29.8873654000
0.000000000019155	29.4539784000
0.000000000019730	29.0267843000
0.000000000020321	28.6061389000
0.000000000020931	28.1914744000
0.000000000021558	27.7832686000
0.000000000022205	27.3808408000
0.000000000022870	26.9846491000
0.000000000023556	26.5940755000
0.000000000024262	26.2095830000
0.000000000024990	25.8305602000
0.000000000025739	25.4573935000
0.000000000026511	25.0895759000
0.000000000027306	24.7274237000
0.000000000028125	24.3704840000
0.000000000028968	24.0190362000
0.000000000029837	23.6726328000
0.000000000030731	23.3316122000
0.000000000031653	22.9954842000
0.000000000032602	22.6645514000
0.000000000033580	22.3383853000
0.000000000034586	22.0172711000
0.000000000035624	21.7007755000
0.000000000036691	21.3892058000
0.000000000037792	21.0821102000
0.000000000038925	20.7798069000
0.000000000040092	20.4818407000
0.000000000041294	20.1885419000
0.000000000042533	19.8994510000
0.000000000043808	19.6148942000
0.000000000045122	19.3344356000
0.000000000046474	19.0583625000
0.000000000047868	18.7862871000
0.000000000049303	18.5184604000
0.000000000050782	18.2545258000
0.000000000052304	17.9947158000
0.000000000053873	17.7386841000
0.000000000055488	17.4866709000
0.000000000057152	17.2383267000
0.000000000058865	16.9938814000
0.000000000060631	16.7529942000
0.000000000062448	16.5159163000
0.000000000064322	16.2822960000
0.000000000066250	16.0523573000
0.000000000068237	15.8257804000
0.000000000070282	15.6027989000
0.000000000072390	15.3830805000
0.000000000074560	15.1668475000
0.000000000076797	14.9537874000
0.000000000079099	14.7441212000
0.000000000081471	14.5375431000
0.000000000083913	14.3342499000
0.000000000086430	14.1339590000
0.000000000089021	13.9368741000
0.000000000091691	13.7427074000
0.000000000094440	13.5516456000
0.000000000097273	13.3634273000
0.000000000100188	13.1782262000
0.000000000103193	12.9958163000
0.000000000106287	12.8162883000
0.000000000109475	12.6394627000
0.000000000112756	12.4655137000
0.000000000116139	12.2941404000
0.000000000119620	12.1255942000
0.000000000123208	11.9595529000
0.000000000126901	11.7962306000
0.000000000130707	11.6353851000
0.000000000134626	11.4771327000
0.000000000138664	11.3212802000
0.000000000142820	11.1680192000
0.000000000147104	11.0170724000
0.000000000151513	10.8686172000
0.000000000156058	10.7224327000
0.000000000160736	10.5786619000
0.000000000165557	10.4371106000
0.000000000170520	10.2978967000
0.000000000175635	10.1608314000
0.000000000181666	10.0069569000
0.000000000187905	9.8558953400
0.000000000194358	9.7076310700
0.000000000201032	9.5621276200
0.000000000207936	9.4193125800
0.000000000215077	9.2791634400
0.000000000222463	9.1416415000
0.000000000230103	9.0066958900
0.000000000238005	8.8742995400
0.000000000246178	8.7444127400
0.000000000254633	8.6169716800
0.000000000263377	8.4919785200
0.000000000272422	8.3693665100
0.000000000281777	8.2491172000
0.000000000291454	8.1311778000
0.000000000301463	8.0155261300
0.000000000311816	7.9021207600
0.000000000322524	7.7909362400
0.000000000333600	7.6819306800
0.000000000345056	7.5750772800
0.000000000356906	7.4703350400
0.000000000369163	7.3676770500
0.000000000381840	7.2670795400
0.000000000394953	7.1684991700
0.000000000408517	7.0719059800
0.000000000422546	6.9772803900
0.000000000437057	6.8845858300
0.000000000452066	6.7937966900
0.000000000467591	6.7048791200
0.000000000483649	6.6178091500
0.000000000500258	6.5325603900
0.000000000517437	6.4491048200
0.000000000535207	6.3674088300
0.000000000553587	6.2874519000
0.000000000572598	6.2092074100
0.000000000592262	6.1326481000
0.000000000612601	6.0577499700
0.000000000633639	5.9844848600
0.000000000655399	5.9128312900
0.000000000677906	5.8427637900
0.000000000701187	5.7742540600
0.000000000725267	5.7072827200
0.000000000750174	5.6418243600
0.000000000775936	5.5778564400
0.000000000802583	5.5153541000
0.000000000833648	5.4467799600
0.000000000865932	5.3799671200
0.000000000899450	5.3149476600
0.000000000934281	5.2516288500
0.000000000970445	5.1900366000
0.000000001008026	5.1300840100
0.000000001047044	5.0717961100
0.000000001087591	5.0150873800
0.000000001129689	4.9599800500
0.000000001173437	4.9063926000
0.000000001218857	4.8543463000
0.000000001266058	4.8037615500
0.000000001315064	4.7546563500
0.000000001365990	4.7069559200
0.000000001418864	4.6606749400
0.000000001473810	4.6157421300
0.000000001530857	4.5721697700
0.000000001596852	4.5252818900
0.000000001665692	4.4799742800
0.000000001737499	4.4362081600
0.000000001812403	4.3939449800
0.000000001890535	4.3531464400
0.000000001972035	4.3137744800
0.000000002057049	4.2757912600
0.000000002145728	4.2391592300
0.000000002247716	4.2003729100
0.000000002354510	4.1631415100
0.000000002466422	4.1273880500
0.000000002583608	4.0930910900
0.000000002706409	4.0601768400
0.000000002834997	4.0286230100
0.000000002982281	3.9956764600
0.000000003137217	3.9642186500
0.000000003300202	3.9341905600
0.000000003471655	3.9055341700
0.000000003652015	3.8781924900
0.000000003858028	3.8499866800
0.000000004075590	3.8231977900
0.000000004305497	3.7977405800
0.000000004567571	3.7717527600
0.000000004845597	3.7471627800
0.000000005140546	3.7238933100
0.000000005476466	3.7003454700
0.000000005834441	3.6781331500
0.000000006242050	3.6558273900
0.000000006678135	3.6348545700
0.000000007174842	3.6139302800
0.000000007708630	3.5942961900
0.000000008317085	3.5748125600
0.000000009011442	3.5555849800
0.000000009763940	3.5376112500
0.000000010623927	3.5199367200
0.000000011608449	3.5026345300
0.000000012684433	3.4865056000
0.000000013918647	3.4707707700
0.000000015337414	3.4554974600
0.000000016972433	3.4407541900
0.000000018861358	3.4266182200
0.000000021048973	3.4131728000
0.000000023589461	3.4004937000
0.000000025268741	3.3934392200
0.000000025300000	3.3933163300
0.000000028594424	3.3817990900
0.000000032591208	3.3707790400
0.000000037462201	3.3602562500
0.000000043609514	3.3498985100
0.000000051411981	3.3396890600
0.000000061903655	3.3290112500
0.000000076126718	3.3175547100
0.000000093222567	3.3065591800
0.000000113198066	3.2966387300
0.000000147056742	3.2834520900
0.000000182374460	3.2719081200
0.000000207869539	3.2659496700
0.000000247138235	3.2603529500
0.000000389855643	3.2452142800
0.000000567602890	3.2287614200
0.000000945874679	3.1972808200
0.000001011955890	3.1936144000
0.000001100057250	3.1919723400
0.000010282165000	3.1304534400
0.000148663096000	3.1541785200
0.000400000000000	3.2222428100
0.000597633176000	3.2976512500
0.000600000000000	3.2962858500
0.000672479254000	3.3413209500
0.000777764000000	3.4312307400
0.000865066789000	3.5239781300
0.000940379917000	3.6197114200
0.001031885180000	3.7650459700
0.001094056490000	3.8852767400
0.001170386390000	4.0614293200
0.001234676210000	4.2394024700
0.001321136090000	4.5248717300
0.001408245320000	4.8841084100
0.001447981070000	5.0775351100
0.001530444000000	5.5581967800
0.001568078000000	5.8150979700
0.001605712000000	6.1064373200
0.001643346000000	6.4444678900
0.001680980000000	6.8399884900
0.001718614000000	7.2864793500
0.001737431000000	7.5362744500
0.001765656500000	7.9566726200
0.001793882000000	8.4139030000
0.001822107500000	8.9188494000
0.001850333000000	9.4700141500
0.001878558500000	10.0813034000
0.001906784000000	10.7512240000
0.001935009500000	11.4977765000
0.001963235000000	12.3196042000
0.002000869000000	13.5649874000
0.002038503000000	15.0066855000
0.002057320000000	15.8132435000
0.002076137000000	16.6845512000
0.002094954000000	17.6271864000
0.002113771000000	18.6485434000
0.002132588000000	19.7569519000
0.002151405000000	20.9618165000
0.002170222000000	22.2737790000
0.002189039000000	23.7049091000
0.002207856000000	25.2689282000
0.002226673000000	26.9814712000
0.002245490000000	28.8603968000
0.002264307000000	30.9261511000
0.002283124000000	33.2021967000
0.002301941000000	35.7155200000
0.002325462250000	39.2335408000
0.002339575000000	41.5747939000
0.002353687750000	44.1158113000
0.002367800500000	46.8652161000
0.002381913250000	49.8575637000
0.002396026000000	53.1042538000
0.002410138750000	56.6479271000
0.002424251500000	60.5034247000
0.002438364250000	64.7234273000
0.002452477000000	69.3270250000
0.002466589750000	74.3791678000
0.002480702500000	79.9039382000
0.002494815250000	85.9808239000
0.002508928000000	92.6392236000
0.002523040750000	99.9748488000
0.002537153500000	108.0215340000
0.002551266250000	116.8909330000
0.002565379000000	126.6176400000
0.002579491750000	137.3242080000
0.002593604500000	149.0365750000
0.002607717250000	161.8733150000
0.002621830000000	175.8263360000
0.002633120200000	187.8496310000
0.002650055500000	207.2837230000
0.002666990800000	228.2941640000
0.002689571200000	258.2850410000
0.002721560100000	302.2565820000
0.002740377100000	326.7926920000
0.002754489850000	343.3250450000
0.002768602600000	357.4149340000
0.002778011100000	365.0949920000
0.002787419600000	371.1884480000
0.002796828100000	375.5549700000
0.002813763400000	378.7782590000
0.002823171900000	377.9363780000
0.002832580400000	375.2945550000
0.002841988900000	370.9454270000
0.002856101650000	361.5512390000
0.002870214400000	349.2729630000
0.002884327150000	334.8067280000
0.002907848400000	307.6973830000
0.002947364100000	260.1302360000
0.002969944500000	234.4758250000
0.002986879800000	216.5959310000
0.003002874250000	200.9344350000
0.003016987000000	188.0955860000
0.003031099750000	176.2030210000
0.003045212500000	165.1884400000
0.003059325250000	155.0398760000
0.003073438000000	145.6726340000
0.003087550750000	137.0598070000
0.003101663500000	129.1176560000
0.003115776250000	121.8155350000
0.003129889000000	115.0781150000
0.003144001750000	108.8762330000
0.003158114500000	103.1452750000
0.003186340000000	92.9651419000
0.003207509130000	86.3007085000
0.003228678250000	80.3475320000
0.003242791000000	76.7312394000
0.003261608000000	72.2974208000
0.003280425000000	68.2539339000
0.003299242000000	64.5635825000
0.003318059000000	61.1878859000
0.003336876000000	58.0931604000
0.003355693000000	55.2498803000
0.003393327000000	50.2170865000
0.003412144000000	47.9846775000
0.003440369500000	44.9495649000
0.003468595000000	42.2157133000
0.003496820500000	39.7749513000
0.003525046000000	37.5608349000
0.003553271500000	35.5689630000
0.003581497000000	33.7505608000
0.003609722500000	32.1034845000
0.003637948000000	30.5912862000
0.003675582000000	28.7752256000
0.003713216000000	27.1523310000
0.003750850000000	25.6957258000
0.003788484000000	24.3830435000
0.003826118000000	23.1955566000
0.003901386000000	21.1368286000
0.003976654000000	19.4169059000
0.004033105000000	18.3110311000
0.004089556000000	17.3213007000
0.004146007000000	16.4480083000
0.004202458000000	15.6590515000
0.004258909000000	14.9556815000
0.004334177000000	14.1184555000
0.004409445000000	13.3825735000
0.004484713000000	12.7316879000
0.004559981000000	12.1526662000
0.004654066000000	11.5127698000
0.004748151000000	10.9542734000
0.004842236000000	10.4598629000
0.004955138000000	9.9401910800
0.005068040000000	9.4912496600
0.005180942000000	9.1027581600
0.005312661000000	8.7019799800
0.005444380000000	8.3671524700
0.005609028750000	8.0145760200
0.005773677500000	7.7163413500
0.006008890000000	7.3508873700
0.006197060000000	7.0984113600
0.006432272500000	6.8323785800
0.006706335000000	6.5724612200
0.006996782500000	6.3339360400
0.007326080000000	6.1107199700
0.007804722280000	5.8463574700
0.008222800000000	5.6574590500
0.008822993210000	5.4388009500
0.009314060380000	5.2914375100
0.009946402000000	5.1374326200
0.010732698900000	4.9807658700
0.011714833200000	4.8272383000
0.012818162700000	4.6917716400
0.014236729100000	4.5566189700
0.015812914000000	4.4416820600
0.017861954400000	4.3287545900
0.020541468700000	4.2195196200
0.023339886100000	4.1556001000
0.027476682300000	4.0960628000
0.035173000000000	4.0433502700
0.035335312500000	4.0491472700
0.035354562500000	4.0623316000
0.035361125000000	4.0842744500
0.035364712500000	4.1157353300
0.035367403200000	4.1592880700
0.035369525000000	4.2123255300
0.035371975000000	4.3008996400
0.035374075000000	4.4043050600
0.035376700000000	4.5704448900
0.035383175000000	5.0762193800
0.035384925000000	5.1967832600
0.035386850000000	5.2984272300
0.035388530000000	5.3517744500
0.035390015800000	5.3672176800
0.035391557500000	5.3504398000
0.035393237500000	5.2957570400
0.035395250000000	5.1874183700
0.035397875000000	4.9977917400
0.035402775000000	4.6109100100
0.035405400000000	4.4370891000
0.035407150000000	4.3434053200
0.035409709400000	4.2389874800
0.035412137500000	4.1713308000
0.035414565700000	4.1272114600
0.035417562500000	4.0948477000
0.035421937500000	4.0719771500
0.035432875000000	4.0550263200
0.035499294500000	4.0438560900
0.038336300000000	4.0375754400
0.040011000000000	4.0394833700
0.043204800000000	4.0232126900
0.045152200000000	4.0363710200
0.046431920000000	4.0679810600
0.047433440000000	4.1188849800
0.048156760000000	4.1828050300
0.048713160000000	4.2586049200
0.049158280000000	4.3460126700
0.049547760000000	4.4520885400
0.049881600000000	4.5761078300
0.050159800000000	4.7136681400
0.050382360000000	4.8531820800
0.050549280000000	4.9822202300
0.050716200000000	5.1376588200
0.050938760000000	5.3875676800
0.051050040000000	5.5328907200
0.051161320000000	5.7037009900
0.051272600000000	5.9054181700
0.051383880000000	6.1449251700
0.051467340000000	6.3552290200
0.051717720000000	7.1073305700
0.051801180000000	7.4126367100
0.051856820000000	7.6495199300
0.051961145000000	8.1788238500
0.052023740000000	8.5639188900
0.052086335000000	9.0084622800
0.052148930000000	9.5222399100
0.052211525000000	10.1168205000
0.052253255000000	10.5648616000
0.052336715000000	11.5672134000
0.052378445000000	12.1302752000
0.052420175000000	12.7568069000
0.052451472500000	13.2809082000
0.052482770000000	13.8812092000
0.052524500000000	14.7586936000
0.052566230000000	15.7238379000
0.052607960000000	16.7824881000
0.052646908000000	17.8607180000
0.052685856000000	19.0275433000
0.052730368000000	20.4748492000
0.052774880000000	22.0557393000
0.052819392000000	23.7589666000
0.052980748000000	30.3594238000
0.053019696000000	31.8585593000
0.053058644000000	33.2147702000
0.053097592000000	34.3671749000
0.053126803000000	35.0624870000
0.053156014000000	35.5889586000
0.053185781400000	35.9345147000
0.053221112800000	36.0810070000
0.053249767400000	35.9818811000
0.053279395700000	35.6831613000
0.053309024000000	35.1953615000
0.053347972000000	34.2973357000
0.053386920000000	33.1606767000
0.053425868000000	31.8416811000
0.053598352000000	25.1822548000
0.053665120000000	22.7308900000
0.053709632000000	21.2195789000
0.053756926000000	19.7351585000
0.053807002000000	18.3037130000
0.053852905000000	17.1131657000
0.053894635000000	16.1273910000
0.053936365000000	15.2276921000
0.053978095000000	14.4076666000
0.054019825000000	13.6608607000
0.054061555000000	12.9808613000
0.054103285000000	12.3616374000
0.054145015000000	11.7974681000
0.054186745000000	11.2831447000
0.054249340000000	10.5946664000
0.054311935000000	9.9933482800
0.054374530000000	9.4668185900
0.054437125000000	9.0048824000
0.054499720000000	8.5992328100
0.054555360000000	8.2778830600
0.054611000000000	7.9898641200
0.054694460000000	7.6130284500
0.054777920000000	7.2891700900
0.054944840000000	6.7496600900
0.055056120000000	6.4427999300
0.055167400000000	6.1834533500
0.055278680000000	5.9628561600
0.055389960000000	5.7741344900
0.055501240000000	5.6118470900
0.055668160000000	5.4087111300
0.055835080000000	5.2441770800
0.056002000000000	5.1099431700
0.056335840000000	4.8728678400
0.056614040000000	4.7147162200
0.056892240000000	4.5876860300
0.057226080000000	4.4665080100
0.057615560000000	4.3558514400
0.058116320000000	4.2467692900
0.058728360000000	4.1478766600
0.059451680000000	4.0619040700
0.060453200000000	3.9766204600
0.061705100000000	3.9114448900
0.063513400000000	3.8503011600
0.066295400000000	3.7923630100
0.071859400000000	3.7233807500
0.081040000000000	3.6486474200
0.101626800000000	3.5281554200
0.116437040000000	3.4572191000
0.116991702000000	3.4632305300
0.117166246000000	3.4797276300
0.117233736000000	3.5006488500
0.117277953000000	3.5319329300
0.117301226000000	3.5630676800
0.117316741000000	3.5957594900
0.117331480000000	3.6431378700
0.117341953000000	3.6935663300
0.117352425000000	3.7684430600
0.117360183000000	3.8504392900
0.117366001000000	3.9356989300
0.117369880000000	4.0087547200
0.117373759000000	4.0990000400
0.117377638000000	4.2109848200
0.117381516000000	4.3499731900
0.117385201000000	4.5123246900
0.117388692000000	4.6977787500
0.117392183000000	4.9174240000
0.117395674000000	5.1730266400
0.117399359000000	5.4809794200
0.117403237000000	5.8417665600
0.117412934000000	6.8127293800
0.117416192000000	7.1143681700
0.117419450000000	7.3760802600
0.117422708000000	7.5814002600
0.117425346000000	7.6966783700
0.117427603000000	7.7545416000
0.117429721000000	7.7726467700
0.117432328000000	7.7459723500
0.117434655000000	7.6774371800
0.117436983000000	7.5691500500
0.117439232000000	7.4303785200
0.117442180000000	7.2052247500
0.117445477000000	6.9088407400
0.117456764000000	5.7713052600
0.117459964000000	5.4704658800
0.117463746000000	5.1486496600
0.117467528000000	4.8687875400
0.117470728000000	4.6656263700
0.117473637000000	4.5065443300
0.117476546000000	4.3699083400
0.117480425000000	4.2185584800
0.117484303000000	4.0970471800
0.117488182000000	3.9996343900
0.117492061000000	3.9213598500
0.117497879000000	3.8309990200
0.117504861000000	3.7527099700
0.117509903000000	3.7102127200
0.117519987000000	3.6481726400
0.117531624000000	3.6004621900
0.117551017000000	3.5515233200
0.117574290000000	3.5181769900
0.117605320000000	3.4934941800
0.117661174000000	3.4721648300
0.117810118000000	3.4545351500
0.118671200000000	3.4427960500
0.132606521000000	3.3793499000
0.142398400000000	3.3505039100
0.142905800000000	3.3558342200
0.143004920000000	3.3679568300
0.143040320000000	3.3841832900
0.143062150000000	3.4117229800
0.143075130000000	3.4509712200
0.143083980000000	3.5008502200
0.143089880000000	3.5501780900
0.143095780000000	3.6146597000
0.143114660000000	3.8821604100
0.143120029000000	3.9426770900
0.143125516000000	3.9780151300
0.143128289000000	3.9832205700
0.143133068000000	3.9708880500
0.143137080000000	3.9407167200
0.143141800000000	3.8860367400
0.143160680000000	3.5989543800
0.143165990000000	3.5338359400
0.143171890000000	3.4776658900
0.143180740000000	3.4219479600
0.143191360000000	3.3863636300
0.143205520000000	3.3652674000
0.143240920000000	3.3497631300
0.167940000000000	3.2916108700
0.176860000000000	3.3080280400
0.180890125000000	3.3314466800
0.184560000000000	3.3740149300
0.186925000000000	3.4239106900
0.189015000000000	3.4903347400
0.189881250000000	3.5318169800
0.189952750000000	3.5451381700
0.189980250000000	3.5618251200
0.189998125000000	3.5912639100
0.190008438000000	3.6259498700
0.190018750000000	3.6822398600
0.190044669000000	3.8988759900
0.190053125000000	3.9493730800
0.190060000000000	3.9634788300
0.190067013000000	3.9492367000
0.190074438000000	3.9064713900
0.190094032000000	3.7387260000
0.190103313000000	3.6725305900
0.190113625000000	3.6220954100
0.190127391000000	3.5851586500
0.190147852000000	3.5630718000
0.190244313000000	3.5488557400
0.191109404000000	3.5926267100
0.192279780000000	3.6773046900
0.193265360000000	3.7741476200
0.194743730000000	3.9748597400
0.195359718000000	4.0899624900
0.195975705000000	4.2363692200
0.196345298000000	4.3404569000
0.196714890000000	4.4674402900
0.197084483000000	4.6223072800
0.197454075000000	4.8112964800
0.197946865000000	5.1081543600
0.198193260000000	5.2798460100
0.198439655000000	5.4772766400
0.198686050000000	5.7023773300
0.199070000000000	6.1131368600
0.199375956000000	6.5794502000
0.200164420000000	7.8665000300
0.200361536000000	8.1592533500
0.200558652000000	8.4158471900
0.200755768000000	8.6230325300
0.200854326000000	8.7005599900
0.201051442000000	8.7995362200
0.201221455000000	8.8288554600
0.201494953000000	8.7677873400
0.201642790000000	8.6538258200
0.201839906000000	8.4471693400
0.202135580000000	8.0649077200
0.202825486000000	7.0518918300
0.203121160000000	6.6472743200
0.203416834000000	6.2765995100
0.203737148000000	5.9189530000
0.203983543000000	5.6778778400
0.204229938000000	5.4882820400
0.204522832000000	5.2938360500
0.204768791000000	5.1535757500
0.205014750000000	5.0404991600
0.205371875000000	4.9114960800
0.205729000000000	4.8122244400
0.206175407000000	4.7233603000
0.206621813000000	4.6656336300
0.207443200000000	4.6254917800
0.207650000000000	4.6262306800
0.208300300000000	4.6103044400
0.209014550000000	4.6270828900
0.210157350000000	4.7066628400
0.212442950000000	4.7972934000
0.213014350000000	4.8047894500
0.213550000000000	4.7972730500
0.213871450000000	4.8004662500
0.214585700000000	4.7839894500
0.215299950000000	4.7337236000
0.217014150000000	4.5653678400
0.221156800000000	4.1080823900
0.222335313000000	4.0100255200
0.224835188000000	3.8550998100
0.226085125000000	3.8032331500
0.227870750000000	3.7733034500
0.228942125000000	3.7841852700
0.229826750000000	3.8163395000
0.230727750000000	3.8807471500
0.231442000000000	3.9572836100
0.232066969000000	4.0489962100
0.232602657000000	4.1517786400
0.233049063000000	4.2591270500
0.233674032000000	4.4435010600
0.234031157000000	4.5732504700
0.234388282000000	4.7302008600
0.234745407000000	4.9201955400
0.235013250000000	5.0874699900
0.235281094000000	5.2818703700
0.235548938000000	5.5066056500
0.235816782000000	5.7666959500
0.236263188000000	6.2698963800
0.236374790000000	6.4169929100
0.236451911000000	6.5508872100
0.236503236000000	6.6771205900
0.236528854000000	6.7646303600
0.236554473000000	6.8839723800
0.236573688000000	7.0099924800
0.236586688000000	7.1249254200
0.236599880000000	7.2801743200
0.236610651000000	7.4500288400
0.236619000000000	7.6198332800
0.236627349000000	7.8346678200
0.236633610000000	8.0331541800
0.236639871000000	8.2702888000
0.236646133000000	8.5516822800
0.236652394000000	8.8812377000
0.236658656000000	9.2598924500
0.236664917000000	9.6833440600
0.236683785000000	11.0806682000
0.236689629000000	11.4722891000
0.236694305000000	11.7396744000
0.236699982000000	11.9887453000
0.236704841000000	12.1223586000
0.236710201000000	12.1745953000
0.236714675000000	12.1392035000
0.236719685000000	12.0169865000
0.236725028000000	11.7998379000
0.236728701000000	11.6065224000
0.236735779000000	11.1589753000
0.236755369000000	9.7561252800
0.236762876000000	9.2751240700
0.236770384000000	8.8610936800
0.236777891000000	8.5179413000
0.236785399000000	8.2407873500
0.236792906000000	8.0205929500
0.236800414000000	7.8470027500
0.236811276000000	7.6591578300
0.236823816000000	7.5085852000
0.236836355000000	7.4055133100
0.236853075000000	7.3153786500
0.236869794000000	7.2596474800
0.236899889000000	7.2096002500
0.236929984000000	7.1968478000
0.236976798000000	7.2174010100
0.237057051000000	7.3026881200
0.237170743000000	7.4653963000
0.237444940000000	7.9273552200
0.238407976000000	9.6392889000
0.238621984000000	9.9544280300
0.238782490000000	10.1396793000
0.238942996000000	10.2746091000
0.239087451000000	10.3504087000
0.239264008000000	10.3815047000
0.239424514000000	10.3523087000
0.239585020000000	10.2713041000
0.239799028000000	10.0917368000
0.240013036000000	9.8448354600
0.240334048000000	9.3859048800
0.240655060000000	8.8685106100
0.241404088000000	7.5561464400
0.242230862000000	6.1687162700
0.242608240000000	5.7703164600
0.242702283000000	5.7247443400
0.242731629000000	5.7402715300
0.242760975000000	5.7886650300
0.242780538000000	5.8475047900
0.242798249000000	5.9252277900
0.242815959000000	6.0317618200
0.242833670000000	6.1729168300
0.242851380000000	6.3542375800
0.242869915000000	6.5916571700
0.242888449000000	6.8794484600
0.242909043000000	7.2536923800
0.242968353000000	8.4667801100
0.242989770000000	8.8464112000
0.243006245000000	9.0816810900
0.243022720000000	9.2585973800
0.243039195000000	9.3756448500
0.243056494000000	9.4383678600
0.243068850000000	9.4500607600
0.243088620000000	9.4215846100
0.243114980000000	9.3136564900
0.243149578000000	9.0915476500
0.243225363000000	8.5343820800
0.243283025000000	8.1575905300
0.243332450000000	7.8793966400
0.243398350000000	7.5635448200
0.243460132000000	7.3126846700
0.243521913000000	7.0949840600
0.243600169000000	6.8554346500
0.243711375000000	6.5652170000
0.243847294000000	6.2631853800
0.243942025000000	6.0843628200
0.244090300000000	5.8904848800
0.244288000000000	5.6718087400
0.244485700000000	5.4820099000
0.244782250000000	5.2349749600
0.245078800000000	5.0200931800
0.245606000000000	4.7472848700
0.246100250000000	4.5390752400
0.246510000000000	4.3907827200
0.247088750000000	4.2362086200
0.247747750000000	4.0911057200
0.248571500000000	3.9431869100
0.249560000000000	3.8010142200
0.250548500000000	3.6877180700
0.251677875000000	3.5881463500
0.252952250000000	3.4970974100
0.254736375000000	3.3977127300
0.256775375000000	3.3098630000
0.259579000000000	3.2172604400
0.263147250000000	3.1272443500
0.266205750000000	3.0660549000
0.277900000000000	2.8718819200
0.281498250000000	2.7928240800
0.284250900000000	2.7157543700
0.286289900000000	2.6417928600
0.287921100000000	2.5660803500
0.289144500000000	2.4947600800
0.290265950000000	2.4137601400
0.291183500000000	2.3315693300
0.291999100000000	2.2419220600
0.292610800000000	2.1610665400
0.293222500000000	2.0711533600
0.293732250000000	1.9824737000
0.294140050000000	1.8995779600
0.294547850000000	1.8040098100
0.294853700000000	1.7228095300
0.295159550000000	1.6326404600
0.296281000000000	1.2793172600
0.296433925000000	1.2349354400
0.296586850000000	1.1977195100
0.296688800000000	1.1793386700
0.296765263000000	1.1703540600
0.296892700000000	1.1654552200
0.296969163000000	1.1684512300
0.297045625000000	1.1808077000
0.297096600000000	1.1953277200
0.297147575000000	1.2156940300
0.297198550000000	1.2426952200
0.297249525000000	1.2771927100
0.297300500000000	1.3199943700
0.297351475000000	1.3722442900
0.297402450000000	1.4351637400
0.297440682000000	1.4899633100
0.297478913000000	1.5518304900
0.297517144000000	1.6212674900
0.297555375000000	1.6987724600
0.297593607000000	1.7848333600
0.297631838000000	1.8799068700
0.297670069000000	1.9844179500
0.297708300000000	2.0987346600
0.297746532000000	2.2231284800
0.297784763000000	2.3575745000
0.297835738000000	2.5529815100
0.297886713000000	2.7671040200
0.297935139000000	2.9869222200
0.298003955000000	3.3240565400
0.298072772000000	3.6831950400
0.298330195000000	5.1107901900
0.298409207000000	5.5217866300
0.298478023000000	5.8489165500
0.298549388000000	6.1498973700
0.298625850000000	6.4235403600
0.298702313000000	6.6443733800
0.298778775000000	6.8137052700
0.298855238000000	6.9360699700
0.298931700000000	7.0188363000
0.299135600000000	7.1492070700
0.299186575000000	7.2134494700
0.299212063000000	7.2728998000
0.299237550000000	7.3752743700
0.299254755000000	7.4825424200
0.299271959000000	7.6288240300
0.299289800000000	7.8297796700
0.299302544000000	8.0107290600
0.299315288000000	8.2291035400
0.299328032000000	8.4893407600
0.299341372000000	8.8064859900
0.299372220000000	9.6273530700
0.299385476000000	9.9284261800
0.299395418000000	10.0878075000
0.299409337000000	10.1760308000
0.299417954000000	10.1419629000
0.299427896000000	10.0211402000
0.299437838000000	9.8262209100
0.299452751000000	9.4406296800
0.299479097000000	8.6875852500
0.299494507000000	8.2942535800
0.299506935000000	8.0208352300
0.299519362000000	7.7864874400
0.299535518000000	7.5337845800
0.299551674000000	7.3309228200
0.299569901000000	7.1521046000
0.299592270000000	6.9908099200
0.299622096000000	6.8413375300
0.299655236000000	6.7206797400
0.299708260000000	6.5756410700
0.299767912000000	6.4491010600
0.299867332000000	6.2784671300
0.299999892000000	6.0873358900
0.300205360000000	5.8311239300
0.300407514000000	5.6099376800
0.300735600000000	5.3013939100
0.301033860000000	5.0869013000
0.301332120000000	4.9075934200
0.301630380000000	4.7556326000
0.301928640000000	4.6259825400
0.302326320000000	4.4808240300
0.302856560000000	4.3238116100
0.303367000000000	4.1917191000
0.304010500000000	4.0570612300
0.304589650000000	3.9604722900
0.304934800000000	3.9252841500
0.305010850000000	3.9339506300
0.305051800000000	3.9531890300
0.305081050000000	3.9847843200
0.305100550000000	4.0240687000
0.305115663000000	4.0723836300
0.305131750000000	4.1488345700
0.305146375000000	4.2442016100
0.305175430000000	4.4661909000
0.305185960000000	4.5249610000
0.305199688000000	4.5544457300
0.305208580000000	4.5398446500
0.305216380000000	4.5064841900
0.305228080000000	4.4291124000
0.305254600000000	4.2157988900
0.305269225000000	4.1183183400
0.305283850000000	4.0458812200
0.305302375000000	3.9842237300
0.305320900000000	3.9450907600
0.305350150000000	3.9081257200
0.305398900000000	3.8759160800
0.305513013000000	3.8417254100
0.305882946000000	3.7884676600
0.306861344000000	3.6897401900
0.308071000000000	3.5950390300
0.309636438000000	3.5111857600
0.311486500000000	3.4384623400
0.314048125000000	3.3670539700
0.317179000000000	3.3072117400
0.321733000000000	3.2430848700
0.327425500000000	3.1895631000
0.333118000000000	3.1584529800
0.343770000000000	3.1372677400
0.351334000000000	3.1650434300
0.355888000000000	3.1978757500
0.361011250000000	3.2611845000
0.364996000000000	3.3324711600
0.368411500000000	3.4187454300
0.371257750000000	3.5138816000
0.373534750000000	3.6134436000
0.376950250000000	3.8000305000
0.378658000000000	3.9202274700
0.382301200000000	4.2470707900
0.384122800000000	4.4323367400
0.389132200000000	5.0520593900
0.390953800000000	5.2491705900
0.392320000000000	5.3775138300
0.393230800000000	5.4253717700
0.394141600000000	5.4385867200
0.396987000000000	5.3738364300
0.399050000000000	5.1816669500
0.405128125000000	4.3624161700
0.406835875000000	4.1590289900
0.408828250000000	3.9511433800
0.410820625000000	3.7711535400
0.413097625000000	3.5928948400
0.414970000000000	3.4647914600
0.417367000000000	3.3739462200
0.420213250000000	3.2919543200
0.423180000000000	3.2381037400
0.424896132000000	3.2956182100
0.426093640000000	3.3550814700
0.427695760000000	3.4605635900
0.428146357000000	3.5040370800
0.428596953000000	3.5643121600
0.429137668000000	3.5972541800
0.430219099000000	3.7368860400
0.430579576000000	3.7606832300
0.430980000000000	3.7305026300
0.431220424000000	3.7388233300
0.431460742000000	3.7280444000
0.432542173000000	3.5928303600
0.433052849000000	3.5521735600
0.433503445000000	3.4905211200
0.434104240000000	3.4365097700
0.434905300000000	3.3912279000
0.435706360000000	3.3189985400
0.436707685000000	3.2524943600
0.437404420000000	3.2211144100
0.437924275000000	3.2195549500
0.438978700000000	3.2316623900
0.439857388000000	3.2611076400
0.440736075000000	3.3118614800
0.441750000000000	3.4064539200
0.442317713000000	3.5103807200
0.442844925000000	3.6265696200
0.443372138000000	3.7655354500
0.443899350000000	3.9329964600
0.444250825000000	4.0638836500
0.444602300000000	4.2129140800
0.444953775000000	4.3826207600
0.445305250000000	4.5754541400
0.445727020000000	4.8403640800
0.446570560000000	5.4265589400
0.447554690000000	6.1418802900
0.447835870000000	6.3203877700
0.448117050000000	6.4640708100
0.448327935000000	6.5408779000
0.448679410000000	6.5963778600
0.448883266000000	6.5830414000
0.449099423000000	6.5312181200
0.449452655000000	6.4071245700
0.449733835000000	6.2759184600
0.450015015000000	6.1080633300
0.451210030000000	5.2683173000
0.451631800000000	5.0009412700
0.452334750000000	4.5895197300
0.452686225000000	4.4107571900
0.453037700000000	4.2536172700
0.453389175000000	4.1158931100
0.453916388000000	3.9407043900
0.454443600000000	3.7968692200
0.455146550000000	3.6307673200
0.455673763000000	3.5257684700
0.456376713000000	3.4077075300
0.457079663000000	3.3101013100
0.457958350000000	3.2093410600
0.459012775000000	3.1117555200
0.460242938000000	3.0199305400
0.461824575000000	2.9249162900
0.463933425000000	2.8241631600
0.465690800000000	2.7561795700
0.468854075000000	2.6796260300
0.473423250000000	2.5921709800
0.483264550000000	2.4429820800
0.490678500000000	2.3698993600
0.495560000000000	2.2775428400
0.499938329000000	2.2318211000
0.500062657000000	2.2139639400
0.507800000000000	2.1237664800
0.508113438000000	2.1510927200
0.508150313000000	2.1620582200
0.508177969000000	2.1821182200
0.508205625000000	2.2143964900
0.508353125000000	2.4445029700
0.508380782000000	2.4995127500
0.508403125000000	2.5540882500
0.508521250000000	2.9169190400
0.508547500000000	2.9896454800
0.508573750000000	3.0461439700
0.508600000000000	3.0711050400
0.508616250000000	3.0659965200
0.508632500000000	3.0461712300
0.508656875000000	2.9962682700
0.508697500000000	2.8847700900
0.508827500000000	2.4831656300
0.508860000000000	2.3987959900
0.508885625000000	2.3465458700
0.508911250000000	2.3041672600
0.508975313000000	2.2145903900
0.509013750000000	2.1749397800
0.509052188000000	2.1536015200
0.509270000000000	2.1002839700
0.519460000000000	1.9251046100
0.522498750000000	1.9837165600
0.526940000000000	2.1376562400
0.529820000000000	2.3745962700
0.533090000000000	2.7842845500
0.536790000000000	3.3233385200
0.539130000000000	3.6036646100
0.541770000000000	3.8187710000
0.543720000000000	3.9041109500
0.546150000000000	3.9600504500
0.548540000000000	3.9726503200
0.553943750000000	3.9410881300
0.562950000000000	3.8637360900
0.563360625000000	3.9295461100
0.563406250000000	3.9476216900
0.563645782000000	4.1531695700
0.563680000000000	4.2030629600
0.563712500000000	4.2711483500
0.563940000000000	4.8706076400
0.563965000000000	4.9192509800
0.563999063000000	4.9471109000
0.564026250000000	4.9323746600
0.564062500000000	4.8755979400
0.564098750000000	4.7893768000
0.564243750000000	4.3403107000
0.564280000000000	4.2448083100
0.564312500000000	4.1804429300
0.564410000000000	4.0413169000
0.564458750000000	3.9867153700
0.564507500000000	3.9552230200
0.564800000000000	3.8506539100
0.565820000000000	3.8544866600
0.566260000000000	3.8012494800
0.569900000000000	3.7980588500
0.575105000000000	3.8602888800
0.583410000000000	4.0709023200
0.587580000000000	4.3007563800
0.592420000000000	4.6854253000
0.593600000000000	4.7648999700
0.596460000000000	4.8614207400
0.597590000000000	4.9242566600
0.598790000000000	5.0493977600
0.599201250000000	5.2477836900
0.599260000000000	5.2914468000
0.599335000000000	5.3925311500
0.599695000000000	5.9537938100
0.599740000000000	5.9820552400
0.599779375000000	5.9495280100
0.599950000000000	5.6414905700
0.600160000000000	5.2916181000
0.600399688000000	5.0005072900
0.600455000000000	4.9666518800
0.600750000000000	4.8499856700
0.601410000000000	4.7455299700
0.606720000000000	4.3673205600
0.607370000000000	4.3353282100
0.609970000000000	4.2814738500
0.614700000000000	4.1307785200
0.619460000000000	4.0539921800
0.621670000000000	4.0724762600
0.622560000000000	4.0676171400
0.624653438000000	4.1271128600
0.627110000000000	4.4987721300
0.628980000000000	4.1233406600
0.630360000000000	4.0853757300
0.636335000000000	4.2436500500
0.642790000000000	4.4367316200
0.652780000000000	4.8095871300
0.663350000000000	5.3326765500
0.668220000000000	5.5980110100
0.681390000000000	6.5678981600
0.682484688000000	6.7916635700
0.682520000000000	6.8183187500
0.682581250000000	6.9083458200
0.683010000000000	7.7103024200
0.683368750000000	8.4125318100
0.683420000000000	8.4522055200
0.683460625000000	8.4080492500
0.683663750000000	7.9465159900
0.684029375000000	7.1649565000
0.684070000000000	7.1014764100
0.684115625000000	7.0646678100
0.684800000000000	6.8924693400
0.686790000000000	7.0229363900
0.688780000000000	7.2091948000
0.695770000000000	7.7731450300
0.701130000000000	8.1287829900
0.704440000000000	8.2684182400
0.710350000000000	8.3843180000
0.714260000000000	8.2823514700
0.718170000000000	8.0599205500
0.722540000000000	7.7088863900
0.726060000000000	7.3576834800
0.734780000000000	6.2368996100
0.738680000000000	5.7036120200
0.744860000000000	4.9015828300
0.746830000000000	4.7402500200
0.747573750000000	4.7346099000
0.747653438000000	4.7413318200
0.747706250000000	4.7706909200
0.748060625000000	5.1532244400
0.748100000000000	5.1723657500
0.748139375000000	5.1640264600
0.748730000000000	4.6810386900
0.749300000000000	4.5243113900
0.750040000000000	4.3873838700
0.754910000000000	4.1532177700
0.757260000000000	4.0862550000
0.758940000000000	4.0551353200
0.761205000000000	4.1526149900
0.763470000000000	4.1990038400
0.765150000000000	4.9185239300
0.765660000000000	5.3831250800
0.766160000000000	5.5146910000
0.766500000000000	5.7688583600
0.767000000000000	5.9579298600
0.768850000000000	5.8603809300
0.771700000000000	6.1627265500
0.773210000000000	6.4308201000
0.776070000000000	6.6069024800
0.777910000000000	6.6532419500
0.782025000000000	6.5234017000
0.786140000000000	6.3643581600
0.789500000000000	6.1798540900
0.796050000000000	5.7251642100
0.804450000000000	5.1736549000
0.810160000000000	4.8506575800
0.818220000000000	4.4691335700
0.827290000000000	4.1628441000
0.832660000000000	3.9954706800
0.850460000000000	3.6318729700
0.857850000000000	3.5592153300
0.865740000000000	3.5334190100
0.873045000000000	3.5585865500
0.880350000000000	3.6353641600
0.886570000000000	3.8670624300
0.892280000000000	4.1641188300
0.899160000000000	4.7695345100
0.902290000000000	5.1000549300
0.905700000000000	5.3775294200
0.907520000000000	5.5463256100
0.911431875000000	5.5302734700
0.913210000000000	5.4666780700
0.915030000000000	5.3497554400
0.922760000000000	4.6644508200
0.928680000000000	4.1883254000
0.936410000000000	3.6925632900
0.943240000000000	3.3709777900
0.946420000000000	3.2685302900
0.949610000000000	3.1035393600
0.952570000000000	3.0354324700
0.959050000000000	2.9333398000
0.962120000000000	2.8754010700
0.964630000000000	2.8560894900
0.965710625000000	2.9285558900
0.965767500000000	2.9444894000
0.965852813000000	2.9949563100
0.966364688000000	3.3557638900
0.966407344000000	3.3988322200
0.966435782000000	3.4446348000
0.966460625000000	3.5019042900
0.966492500000000	3.5992313400
0.966620000000000	4.0840941600
0.966651875000000	4.1876035600
0.966683750000000	4.2662048600
0.966747500000000	4.3548984200
0.967066250000000	4.6126024900
0.967147813000000	4.6461351800
0.967236875000000	4.6249467800
0.967771250000000	4.4159133700
0.967842500000000	4.3628966100
0.968216563000000	3.9345583000
0.968252188000000	3.8754967200
0.968284219000000	3.8038768800
0.968326875000000	3.6812286700
0.968412188000000	3.3998604600
0.968454844000000	3.2706376300
0.968483282000000	3.2023279400
0.968511719000000	3.1539948600
0.968540157000000	3.1238903900
0.968611250000000	3.0868630300
0.969180000000000	2.8778907900
0.969307500000000	2.8690856500
0.971220000000000	2.8393551000
0.974167500000000	2.9109535400
0.976460000000000	3.0464546700
0.979190000000000	3.3030077400
0.980550000000000	3.4585546200
0.981920000000000	3.5123898800
0.984420000000000	3.5050818800
0.985790000000000	3.4090652800
0.988970000000000	3.1552988200
0.992610000000000	2.9106121800
0.997620000000000	2.7356539300
0.999440000000000	2.7613549800
1.001900000000000	2.6353764400
1.005600000000000	2.6602180100
1.007300000000000	2.6559913200
1.009000000000000	2.6337996600
1.012493750000000	2.6597041200
1.017600000000000	2.7864562300
1.023600000000000	3.0480388700
1.029000000000000	3.2105352700
1.031700000000000	3.2408187300
1.033500000000000	3.2352921900
1.035400000000000	3.2568777500
1.039300000000000	3.2181760600
1.044000000000000	3.2378130100
1.049000000000000	3.3643389800
1.051100000000000	3.4009710700
1.056100000000000	3.6075864200
1.059700000000000	3.8453855100
1.062200000000000	3.9959388500
1.066300000000000	4.1467066700
1.069500000000000	4.1676878200
1.073393750000000	4.0722471300
1.078400000000000	3.8576577000
1.082900000000000	3.6461222300
1.085200000000000	3.4980628800
1.086600000000000	3.3741449200
1.087693750000000	3.4686306600
1.089100000000000	3.7758946900
1.090000000000000	3.8495086300
1.094200000000000	3.7079092300
1.108800000000000	3.3116999400
1.109600000000000	3.2963799500
1.111200000000000	3.4897669200
1.113100000000000	3.2404941400
1.124100000000000	3.1129408900
1.129900000000000	2.9967377600
1.133700000000000	2.9463134300
1.141500000000000	2.8938017800
1.145600000000000	2.9956922000
1.148900000000000	2.8526443200
1.155100000000000	2.6853914000
1.159200000000000	2.6390069900
1.163500000000000	2.6828152500
1.167800000000000	2.7552752600
1.170800000000000	2.8754722100
1.173500000000000	2.9279940600
1.175975000000000	2.8922166200
1.180100000000000	2.7507500600
1.183300000000000	2.6605053800
1.186800000000000	2.5798735100
1.192200000000000	2.5265508200
1.196512500000000	2.5380487000
1.199100000000000	2.5700711900
1.200600000000000	2.5729207600
1.204900000000000	2.6659094800
1.206300000000000	2.7099492800
1.210600000000000	2.8173799200
1.212800000000000	3.0738858500
1.214700000000000	2.9684112800
1.219800000000000	3.0615631800
1.224200000000000	3.0942799800
1.225200000000000	3.1097107600
1.229300000000000	3.1184557000
1.237700000000000	2.9890990100
1.242000000000000	2.8156119100
1.244400000000000	2.7423714900
1.254500000000000	2.5160800700
1.263200000000000	2.3948407800
1.268300000000000	2.3808033100
1.271800000000000	2.3396523500
1.278900000000000	2.3059016100
1.281750000000000	2.3057500000
1.284600000000000	2.3059434400
1.290250000000000	2.3695763800
1.295900000000000	2.4456850300
1.298100000000000	2.5638885100
1.301200000000000	2.7031005900
1.304800000000000	3.0601534800
1.306500000000000	3.1422041700
1.309600000000000	3.4300423000
1.312200000000000	3.6528441200
1.314100000000000	3.7417978000
1.316200000000000	3.7907488700
1.317750000000000	3.7535961100
1.319300000000000	3.6902383500
1.321000000000000	3.5829536000
1.322000000000000	3.8457652700
1.322087500000000	3.8336132300
1.323400000000000	3.4857427600
1.325300000000000	3.2897625000
1.329800000000000	3.0092827600
1.333200000000000	2.8718249400
1.337000000000000	2.6723024300
1.343400000000000	2.5098674000
1.351300000000000	2.3700958300
1.354800000000000	2.3548131100
1.355300000000000	2.3550612400
1.363700000000000	2.3468664200
1.366000000000000	2.3205863800
1.368700000000000	2.2759696600
1.372200000000000	2.2291098700
1.376400000000000	2.2307623000
1.380600000000000	2.2769889000
1.383400000000000	2.3314797900
1.385000000000000	2.3331589000
1.387300000000000	2.3250063000
1.388900000000000	2.6164857600
1.390600000000000	3.2103423300
1.391100000000000	3.5346622800
1.391212500000000	3.5714031400
1.391943750000000	3.7447922900
1.392000000000000	3.7491767200
1.392103130000000	3.7320747700
1.392962500000000	3.4963989400
1.394200000000000	3.0664540200
1.395600000000000	2.7747042100
1.397500000000000	2.5988988700
1.399300000000000	2.5443397300
1.403900000000000	2.4369598600
1.411300000000000	2.3819819200
1.419400000000000	2.3866780500
1.426800000000000	2.2604374400
1.429400000000000	2.5589615800
1.429506250000000	2.5458457400
1.431100000000000	2.2523116600
1.433500000000000	2.2136312100
1.438700000000000	2.2353531900
1.451100000000000	2.2088700400
1.455400000000000	2.2126200300
1.464000000000000	2.1906326300
1.470462500000000	2.2133375200
1.472800000000000	2.2978338200
1.478518750000000	2.1730292700
1.485000000000000	2.0937934700
1.490200000000000	2.0065570800
1.493100000000000	1.9652893000
1.495701570000000	1.9731896600
1.497600000000000	2.1314706100
1.500800000000000	2.2209993200
1.504750000000000	2.1594147100
1.508700000000000	2.0745588000
1.515400000000000	1.9760493000
1.525900000000000	1.9332531400
1.537000000000000	1.9134643100
1.540400000000000	1.9333725700
1.543800000000000	2.0319171100
1.545325000000000	1.9761784100
1.549900000000000	1.9005066500
1.556820320000000	1.9389685800
1.556981250000000	1.9468953000
1.560200000000000	2.2385097400
1.560343750000000	2.2264985200
1.562500000000000	1.9748069400
1.562718750000000	1.9720314500
1.569500000000000	1.9733813200
1.575100000000000	2.0638953900
1.579300000000000	2.2008784700
1.582400000000000	2.2872227100
1.587900000000000	2.5598891600
1.592300000000000	2.9408762500
1.595800000000000	3.3428551300
1.599100000000000	3.8255423800
1.601100000000000	4.1801789000
1.601700000000000	4.3087622100
1.603200000000000	4.4202616200
1.604287500000000	4.3096176100
1.606100000000000	4.0889939100
1.607800000000000	3.8600367800
1.610500000000000	3.4355657000
1.613100000000000	3.1598931300
1.615700000000000	2.8437841200
1.619500000000000	2.5809850300
1.626000000000000	2.3692848900
1.630900000000000	2.2303408400
1.632025000000000	2.3309959300
1.633900000000000	2.3974993100
1.636196880000000	2.2878337300
1.638800000000000	2.0709837300
1.641500000000000	1.9746796100
1.650500000000000	1.8696236300
1.662800000000000	1.8388645300
1.665100000000000	1.8204445100
1.674800000000000	1.6794426200
1.677500000000000	1.4178788300
1.679764070000000	1.2873746500
1.679832040000000	1.2904824700
1.680953130000000	1.4617292600
1.683900000000000	2.0162318200
1.685400000000000	2.0758315000
1.688900000000000	2.1964369100
1.693800000000000	2.3328614600
1.696500000000000	2.3706480200
1.701450000000000	2.2754216700
1.706400000000000	2.2344246700
1.711400000000000	2.4182333100
1.716400000000000	2.7887435700
1.719600000000000	2.9894344700
1.720728130000000	2.8678075700
1.723400000000000	2.8073580900
1.735700000000000	2.8554086900
1.739000000000000	2.8436159300
1.741500000000000	2.8452114000
1.746500000000000	2.7132815900
1.756400000000000	2.4051383800
1.758087500000000	2.4012811400
1.758200000000000	2.4028305400
1.760300000000000	2.5451758400
1.762500000000000	2.3205195900
1.767900000000000	2.0398338100
1.769800000000000	2.2051817900
1.769982820000000	2.1924829000
1.773700000000000	1.8407159900
1.780700000000000	1.7849579600
1.783400000000000	1.7713976600
1.785200000000000	1.8331419300
1.787000000000000	2.0055116000
1.789200000000000	1.9264460800
1.791300000000000	2.0598183400
1.796100000000000	2.1343815600
1.798300000000000	2.2876196600
1.799500000000000	2.4831935500
1.800700000000000	2.9320132400
1.801825000000000	3.3058080500
1.801900000000000	3.3186881800
1.801993750000000	3.3107621900
1.802696880000000	3.1535137100
1.802790630000000	3.1216602200
1.802837500000000	3.0960284200
1.803353130000000	2.7055109300
1.803437500000000	2.6555654500
1.803925000000000	2.4638953000
1.804000000000000	2.4426324700
1.804107820000000	2.4307740800
1.808600000000000	2.2990023100
1.826000000000000	1.9948090600
1.835900000000000	1.8640426800
1.840300000000000	1.8470019200
1.848300000000000	1.7861756900
1.862900000000000	1.6050135200
1.879300000000000	1.3470582700
1.884400000000000	1.2980753600
1.889650000000000	1.3432320200
1.895600000000000	1.4652507500
1.901218750000000	1.4636778700
1.901354690000000	1.4651404300
1.901465630000000	1.4749223900
1.903434380000000	1.7861033000
1.903500000000000	1.7914484000
1.903610940000000	1.7879534600
1.906883600000000	1.5051063700
1.911700000000000	1.4110721000
1.914100000000000	1.5191767800
1.918400000000000	1.4232992300
1.922600000000000	1.3925434400
1.928100000000000	1.7138376300
1.931331250000000	2.0425403800
1.931431250000000	2.0637994300
1.932400000000000	2.4336297400
1.933243750000000	2.9158284100
1.933337500000000	2.9843573200
1.933525000000000	3.1483993700
1.933581250000000	3.1840170500
1.933656250000000	3.1996441600
1.933750000000000	3.1838570900
1.934800000000000	2.9082636200
1.935925000000000	2.3616373900
1.936000000000000	2.3323789400
1.936093750000000	2.3103727100
1.937500000000000	2.1078996100
1.939300000000000	2.0482248500
1.947862500000000	2.1361500300
1.953000000000000	2.2057489200
1.956900000000000	2.4992018900
1.961500000000000	2.6585328800
1.966600000000000	2.6351510600
1.969400000000000	2.9727053300
1.969606250000000	2.9558899500
1.973250000000000	2.5481273000
1.978200000000000	2.2315316500
1.988200000000000	2.1293555600
1.996400000000000	2.1245598100
1.998073440000000	2.1292358400
2.011700000000000	2.3047133200
2.015000000000000	2.3386191000
2.018200000000000	2.5949513500
2.020000000000000	2.7147128000
2.026900000000000	2.4679065400
2.030100000000000	2.4728431500
2.033200000000000	2.4725686000
2.041750000000000	2.5603016300
2.044600000000000	2.6262824700
2.047300000000000	2.5323368100
2.051900000000000	2.5595553600
2.055500000000000	2.6794308600
2.068300000000000	2.7037448600
2.079700000000000	2.6604414400
2.084200000000000	2.6830829500
2.089700000000000	2.8061975300
2.096500000000000	2.8115048400
2.106000000000000	2.9229824400
2.109200000000000	3.0033402100
2.114150000000000	2.9184853800
2.122400000000000	2.6719074500
2.125600000000000	2.4531868800
2.128700000000000	2.4254804000
2.132000000000000	2.3708124900
2.136500000000000	2.0918897800
2.138500000000000	2.0868622100
2.142906250000000	2.1209186200
2.147900000000000	2.2667877400
2.150400000000000	2.3741596800
2.152900000000000	2.4689735700
2.156600000000000	2.5272307900
2.161100000000000	2.5537368200
2.169500000000000	2.3746171700
2.177900000000000	2.1741010100
2.184000000000000	2.1582568400
2.190200000000000	2.1559371500
2.196106250000000	2.3096489400
2.200700000000000	2.7884914400
2.202500000000000	2.8850426800
2.203775000000000	2.7845841900
2.209300000000000	2.1441263800
2.216600000000000	2.0135198400
2.221200000000000	2.5216494400
2.221376570000000	2.5108160300
2.225260940000000	2.1431774100
2.232500000000000	1.9389766700
2.233800000000000	1.9243214300
2.238500000000000	1.8934395000
2.242006250000000	1.9727842000
2.242218750000000	1.9858887100
2.245300000000000	2.2690790900
2.251200000000000	1.9103869000
2.255800000000000	1.9595772700
2.260800000000000	1.8922405500
2.265300000000000	2.1476861300
2.268500000000000	2.2433379800
2.270800000000000	2.4830422800
2.274550000000000	2.3112026300
2.289000000000000	2.1610782000
2.295300000000000	2.1280301900
2.310400000000000	2.1195077200
2.313500000000000	2.3696393200
2.319000000000000	2.1316107800
2.324500000000000	1.9678570000
2.335400000000000	1.8899587100
2.342212500000000	1.9724782000
2.346300000000000	2.0924605500
2.362200000000000	2.1605935100
2.375700000000000	2.3068217000
2.398800000000000	2.4962354200
2.405800000000000	2.6567536300
2.411300000000000	2.8113365300
2.415300000000000	2.8873228100
2.418768750000000	2.8033578700
2.422700000000000	2.6083425900
2.426200000000000	2.7178687200
2.436200000000000	2.6593314200
2.438700000000000	2.5984051100
2.443200000000000	2.6663675500
2.454100000000000	2.5712970100
2.455475000000000	2.7257724200
2.459600000000000	3.0723498900
2.466572660000000	2.4387771100
2.476600000000000	2.3252017200
2.491500000000000	2.3113665000
2.503500000000000	2.2476192500
2.515462500000000	2.3143348500
2.520900000000000	2.6498774800
2.524900000000000	3.0573582700
2.526868750000000	2.8238449300
2.529400000000000	2.6865444100
2.533337500000000	2.1789755200
2.533439070000000	2.1738074800
2.538400000000000	2.4087241600
2.542300000000000	2.1925073700
2.548300000000000	1.9552628400
2.560112500000000	1.8999857200
2.560300000000000	1.9034679500
2.560471880000000	1.9230488300
2.563050000000000	2.2815335800
2.565800000000000	2.6289386600
2.568260940000000	2.9652880300
2.568338290000000	2.9605403700
2.570137500000000	2.4932445300
2.570367190000000	2.4482728700
2.573200000000000	1.9836648900
2.573403130000000	1.9736593100
2.579700000000000	1.7928196700
2.585200000000000	1.7461695000
2.594149220000000	1.8954232600
2.599657520000000	2.3424344000
2.599750000000000	2.3371741800
2.601100000000000	2.0929859500
2.606100000000000	1.8571928500
2.615400000000000	1.8100683100
2.620600000000000	1.7773785700
2.630000000000000	1.7722610300
2.637000000000000	1.7604428400
2.654000000000000	2.0824506100
2.671900000000000	1.7611663800
2.676400000000000	1.8611657300
2.684400000000000	1.8281238300
2.697300000000000	1.4977760600
2.703276570000000	1.8520216600
2.714300000000000	1.9992575200
2.718800000000000	1.9398140800
2.727200000000000	2.1625119000
2.731700000000000	2.1709675800
2.740950000000000	1.9185449300
2.750200000000000	1.7946833400
2.785000000000000	1.6329459100
2.791700000000000	1.6967096000
2.811800000000000	1.9279082700
2.819900000000000	1.9722096200
2.827812500000000	1.9192613900
2.841000000000000	1.7075349100
2.845900000000000	1.8295416500
2.860500000000000	1.7194915700
2.883300000000000	1.7517956000
2.894600000000000	1.6621614100
2.906478130000000	1.6996737300
2.918700000000000	1.8630000400
2.924700000000000	1.9453457300
2.941800000000000	1.4740073100
2.952300000000000	1.6345129400
2.972600000000000	1.7073997100
2.981600000000000	1.5760564600
2.994600000000000	1.6045651900
3.003500000000000	1.6146528000
3.021812500000000	1.3863710600
3.032800000000000	1.2404626500
3.043300000000000	1.2150162500
3.064500000000000	0.9203623100
3.076700000000000	0.8429381520
3.092100000000000	0.8385396890
3.100981250000000	0.9358941810
3.112400000000000	1.0698706000
3.144100000000000	1.3204569500
3.155500000000000	1.5967296200
3.166800000000000	1.3835089000
3.176600000000000	1.6886929700
3.182300000000000	1.7479768900
3.194487500000000	1.4021945100
3.208300000000000	1.2728536400
3.224500000000000	1.4838938800
3.253000000000000	1.4432723100
3.261900000000000	1.5777928100
3.267600000000000	1.5802907600
3.279055480000000	1.3835910100
3.301700000000000	1.2053833600
3.312300000000000	1.1479168100
3.325262500000000	1.2333165700
3.336700000000000	1.4662461600
3.347200000000000	1.6637351700
3.360200000000000	1.5876893800
3.371600000000000	1.8413465600
3.379688290000000	1.8248899700
3.391900000000000	1.4964231500
3.404100000000000	1.3491606200
3.416300000000000	1.3960773400
3.446400000000000	1.2382817800
3.483700000000000	1.5502857300
3.494300000000000	1.5159506400
3.517000000000000	1.5340242600
3.535400000000000	1.7124517900
3.545200000000000	1.7942321300
3.556000000000000	1.8033741100
3.576312500000000	1.4670689200
3.588500000000000	1.3305824600
3.618312500000000	1.3994785200
3.636200000000000	1.4541005400
3.650300000000000	1.6511419100
3.662200000000000	1.4411260100
3.677400000000000	1.5152086600
3.691400000000000	1.7434908600
3.705500000000000	1.8224298200
3.712000000000000	1.5836084700
3.717200000000000	1.6309257700
3.731500000000000	1.7742826100
3.745571100000000	1.3754399100
3.753200000000000	1.3524498000
3.767300000000000	1.5586513900
3.784700000000000	1.4100783700
3.796500000000000	1.4259258100
3.809500000000000	1.2787438800
3.838800000000000	1.2939405100
3.847500000000000	1.0071739900
3.856053130000000	1.0141505100
3.871300000000000	1.2686673100
3.888600000000000	0.8997416830
3.907000000000000	0.9968728780
3.914600000000000	1.2773382100
3.930900000000000	1.1238089900
3.963400000000000	1.4232741400
3.986100000000000	1.3782417700
4.005600000000000	1.4111847800
4.015400000000000	1.2710681000
4.025100000000000	1.3505136600
4.056600000000000	1.0455681500
4.065200000000000	1.0209017100
4.088051570000000	1.4302272100
4.097700000000000	1.4509162900
4.104612500000000	1.3619788800
4.153000000000000	0.7737110010
4.173543750000000	0.9056151200
4.187600000000000	1.1345117500
4.206100000000000	1.5836307100
4.212600000000000	1.6299564900
4.236400000000000	1.2869823500
4.254800000000000	1.3407780600
4.272200000000000	1.2949277700
4.284100000000000	1.4821308700
4.298200000000000	1.5023749300
4.316600000000000	1.7013231700
4.342538290000000	1.3430458800
4.352300000000000	1.3228014700
4.361000000000000	1.4571550500
4.370700000000000	1.3549261000
4.395700000000000	1.3551259200
4.425100000000000	1.1543115100
4.456900000000000	1.0254400800
4.486300000000000	1.0086707800
4.535300000000000	0.8245226110
4.571075000000000	1.1692356700
4.583000000000000	1.3046630000
4.594025000000000	1.2849978200
4.602600000000000	1.2138471400
4.628131250000000	1.2174989700
4.640600000000000	1.3644541200
4.668900790000000	1.2572825900
4.698100000000000	1.0230060800
4.707900000000000	1.0170996900
4.722431250000000	1.1136608800
4.754400000000000	1.1261851000
4.777700000000000	1.2380802400
4.810606250000000	1.2213960400
4.883000000000000	1.0968477800
4.952800000000000	1.0558693300
4.971100000000000	0.9457957150
5.002900000000000	0.8933042100
5.016375000000000	0.9606970530
5.056800000000000	0.9741443060
5.074000000000000	1.0614244100
5.104600000000000	1.0209005800
5.136400000000000	1.0530637500
5.160900000000000	1.2270878200
5.171900000000000	1.2006159600
5.182900000000000	1.1025396900
5.243537500000000	1.3133395300
5.271100000000000	1.3203311600
5.290650000000000	1.0702742100
5.310200000000000	1.0152696800
5.329800000000000	1.1252703300
5.349400000000000	1.0893141800
5.363126570000000	1.1603930000
5.399600000000000	1.1756668100
5.421650000000000	1.0194332500
5.443700000000000	0.9799359280
5.459512500000000	1.3406177200
5.465700000000000	1.4450008100
5.484100000000000	1.0576166800
5.496300000000000	1.0760225900
5.513800000000000	0.8403138780
5.528900000000000	0.9375213210
5.542400000000000	1.1210104800
5.564200000000000	1.0839390400
5.586000000000000	1.2101897100
5.606200000000000	1.2329709900
5.633050000000000	1.0676532800
5.659900000000000	0.9963514990
5.737200000000000	0.9645036950
5.850000000000000	0.9273173840
5.880000000000000	0.9092246520
5.930000000000000	0.8936203670
5.952100000000000	0.8907784510
5.968900000000000	0.9632111800
5.987400000000000	0.8101649340
6.009200000000000	0.8043660350
6.028500000000000	0.9040990050
6.047800000000000	0.9990569120
6.064600000000000	1.0048446500
6.078100000000000	0.8222248820
6.128400000000000	0.9767658340
6.140200000000000	1.1708299100
6.158700000000000	1.2142417600
6.177059380000000	1.1564828800
6.205700000000000	0.9269674180
6.229200000000000	1.0040290800
6.250000000000000	0.9981076860
6.264500000000000	1.0051205200
6.304800000000000	0.8725470010
6.333300000000000	0.9924758510
6.360313290000000	0.8015500070
6.382000000000000	0.7320776760
6.405500000000000	0.7243306060
6.419000000000000	0.8230451300
6.430000000000000	0.8210947050
6.464300000000000	0.8311636690
6.487800000000000	0.7434225640
6.513515630000000	0.9176018780
6.545100000000000	1.0770452000
6.565100000000000	1.0910225500
6.589976570000000	0.9164613690
6.650000000000000	0.8618079750
6.669200000000000	0.8469670200
6.717900000000000	0.7076642400
6.725000000000000	0.7093820980
6.769900000000000	0.7053227950
6.780850000000000	0.7670042120
6.791800000000000	0.8334954210
6.820300000000000	0.9121042590
6.833518750000000	0.8648227880
6.867300000000000	0.5809534950
6.899200000000000	0.7546485650
6.942900000000000	0.7030911410
6.960000000000000	0.7054198840
6.989900000000000	0.7037308330
7.018300000000000	0.7700517060
7.025000000000000	0.7675088160
7.050200000000000	0.7664315670
7.075200000000000	0.6082925420
7.100123440000000	0.7958164140
7.116100000000000	0.8233217540
7.143400000000000	0.5548355450
7.166200000000000	0.6496348910
7.184400000000000	0.5768460880
7.201500000000000	0.7414546100
7.207200000000000	0.7938095920
7.218600000000000	0.7418871930
7.230000000000000	0.6846384950
7.243600000000000	0.6257080020
7.266300000000000	0.7600254960
7.300000000000000	0.7343718960
7.350000000000000	0.6685192630
7.418700000000000	0.6068752360
7.441143750000000	0.6624116370
7.470000000000000	0.7182302870
7.482400000000000	0.7469871080
7.500000000000000	0.7734230730
7.512000000000000	0.7942551350
7.551118750000000	0.7459950980
7.568900000000000	0.7157107280
7.598500000000000	0.7502424470
7.628100000000000	0.7912274250
7.657309380000000	0.7862095480
7.700000000000000	0.6995159600
7.716800000000000	0.6703145320
7.775900000000000	0.6395481830
7.800000000000000	0.5989736660
7.810100000000000	0.5772801660
7.850000000000000	0.7205092800
7.867000000000000	0.7836634620
7.901437500000000	0.7084388430
7.925000000000000	0.6845946630
7.960000000000000	0.6456894560
7.989800000000000	0.6069684130
8.025800000000000	0.7261330140
8.092200000000000	0.7410498510
8.143950000000000	0.6368910580
8.187800000000000	0.5541386530
8.200000000000000	0.5458122030
8.219600000000000	0.5370718980
8.253700000000000	0.6193258930
8.296387500000000	0.5381863710
8.322000000000000	0.4863102590
8.356100000000000	0.6147802130
8.375000000000000	0.6143033270
8.400000000000000	0.6148950710
8.420000000000000	0.6136011650
8.459375000000000	0.6183125000
8.525000000000000	0.6226198990
8.550000000000000	0.6331878890
8.600000000000000	0.6434831720
8.625000000000000	0.6410924100
8.650000000000000	0.6353237170
8.700000000000000	0.6428959870
8.750000000000000	0.6448910070
8.775000000000000	0.6419120450
8.831600000000000	0.6503932390
8.902200000000000	0.5841873100
8.950000000000000	0.5660072130
8.979500000000000	0.5570987530
9.082000000000000	0.5980119780
9.126250000000000	0.5867483320
9.200000000000000	0.5600977070
9.264000000000000	0.5344923160
9.348950000000000	0.5918897870
9.433900000000000	0.6459867160
9.506950000000000	0.6379185000
9.580000000000000	0.6255085690
9.650000000000000	0.6238047550
9.750000000000000	0.6294277060
9.850000000000000	0.6378931990
9.950781250000000	0.6349745290
10.050000000000000	0.5680334310
10.150000000000000	0.5545115550
10.231250000000000	0.5590404410
10.250000000000000	0.5637916460
10.400000000000000	0.5886986520
10.750000000000000	0.6390988950
10.926000000000000	0.6613130720
11.000000000000000	0.6624989700
11.500000000000000	0.6622993650
11.900000000000000	0.6582014380
12.200000000000000	0.6657006910
12.950000000000000	0.6988177330
13.000000000000000	0.6993726360
14.000000000000000	0.7456910750
14.710000000000000	0.7845905760
15.000000000000000	0.8027687850
15.683000000000000	0.8343095430
18.000000000000000	0.9238404810
20.000000000000000	1.0091963700
