0.000000000010000	55.6017657000
0.000000000010300	54.7896624000
0.000000000010609	53.9897687000
0.000000000010927	53.2012866000
0.000000000011254	52.4249008000
0.000000000011592	51.6595100000
0.000000000011940	50.9057961000
0.000000000012298	50.1627927000
0.000000000012666	49.4311283000
0.000000000013046	48.7097701000
0.000000000013437	47.9996102000
0.000000000013840	47.2993919000
0.000000000014255	46.6099920000
0.000000000014683	45.9303560000
0.000000000015124	45.2593634000
0.000000000015577	44.6000797000
0.000000000016070	43.9154239000
0.000000000016552	43.2755604000
0.000000000017101	42.5796309000
0.000000000017614	41.9598685000
0.000000000018189	41.2962041000
0.000000000018734	40.6949715000
0.000000000019296	40.1030003000
0.000000000019923	39.4723846000
0.000000000020520	38.8981081000
0.000000000021135	38.3326945000
0.000000000021784	37.7624159000
0.000000000022438	37.2134620000
0.000000000023110	36.6729358000
0.000000000023803	36.1400797000
0.000000000024517	35.6154673000
0.000000000025252	35.0982716000
0.000000000026009	34.5890870000
0.000000000026789	34.0870967000
0.000000000027577	33.6022263000
0.000000000028404	33.1148703000
0.000000000029336	32.5907501000
0.000000000030216	32.1184386000
0.000000000031122	31.6534019000
0.000000000032055	31.1950231000
0.000000000033016	30.7436825000
0.000000000034006	30.2988132000
0.000000000035026	29.8607975000
0.000000000036076	29.4290377000
0.000000000037158	29.0039760000
0.000000000038272	28.5849878000
0.000000000039420	28.1724697000
0.000000000040602	27.7658728000
0.000000000041819	27.3655525000
0.000000000043073	26.9709612000
0.000000000044364	26.5825197000
0.000000000045695	26.1996314000
0.000000000047065	25.8226872000
0.000000000048477	25.4511627000
0.000000000049930	25.0853914000
0.000000000051427	24.7248821000
0.000000000052969	24.3699883000
0.000000000054558	24.0202052000
0.000000000056193	23.6758528000
0.000000000057879	23.3364772000
0.000000000059614	23.0023784000
0.000000000061402	22.6731033000
0.000000000063242	22.3489768000
0.000000000065139	22.0295238000
0.000000000067092	21.7150768000
0.000000000069104	21.4051671000
0.000000000071176	21.1001245000
0.000000000073310	20.7994938000
0.000000000075508	20.5035822000
0.000000000077773	20.2119590000
0.000000000080104	19.9249283000
0.000000000082507	19.6420609000
0.000000000084980	19.3636569000
0.000000000087529	19.0893039000
0.000000000090153	18.8192770000
0.000000000092857	18.5531970000
0.000000000095640	18.2913122000
0.000000000098509	18.0332632000
0.000000000101462	17.7793007000
0.000000000104505	17.5290691000
0.000000000107638	17.2827940000
0.000000000110866	17.0401658000
0.000000000114190	16.8013575000
0.000000000117615	16.5660642000
0.000000000121314	16.3234555000
0.000000000124952	16.0955459000
0.000000000129047	15.8508507000
0.000000000132918	15.6301847000
0.000000000136902	15.4130989000
0.000000000141008	15.1992319000
0.000000000145235	14.9887780000
0.000000000149591	14.7814920000
0.000000000154076	14.5775155000
0.000000000158697	14.3766042000
0.000000000163454	14.1789500000
0.000000000168357	13.9842499000
0.000000000173403	13.7927311000
0.000000000178605	13.6040717000
0.000000000184206	13.4101292000
0.000000000189731	13.2275121000
0.000000000195620	13.0416480000
0.000000000201488	12.8648180000
0.000000000207527	12.6909200000
0.000000000213752	12.5196606000
0.000000000220159	12.3512267000
0.000000000226763	12.1853729000
0.000000000233560	12.0222679000
0.000000000240566	11.8616723000
0.000000000247817	11.7029012000
0.000000000256327	11.5254874000
0.000000000264104	11.3711697000
0.000000000273174	11.1998704000
0.000000000282555	11.0317421000
0.000000000292259	10.8667361000
0.000000000302295	10.7048042000
0.000000000312676	10.5458990000
0.000000000323414	10.3899741000
0.000000000334521	10.2369838000
0.000000000346009	10.0868831000
0.000000000356620	9.9550144900
0.000000000368867	9.8102670000
0.000000000381250	9.6713915200
0.000000000394343	9.5320712200
0.000000000407885	9.3954323200
0.000000000421893	9.2614341700
0.000000000436381	9.1300367700
0.000000000451367	9.0012008100
0.000000000466868	8.8748876000
0.000000000482901	8.7510590900
0.000000000499484	8.6296778400
0.000000000515775	8.5165368700
0.000000000533487	8.3998270700
0.000000000551808	8.2854527800
0.000000000571242	8.1706007200
0.000000000590860	8.0608564500
0.000000000611151	7.9533517400
0.000000000631415	7.8515864400
0.000000000653099	7.7483785000
0.000000000675527	7.6473111700
0.000000000700029	7.5429457500
0.000000000724069	7.4461694100
0.000000000748935	7.3514341600
0.000000000774655	7.2587093000
0.000000000801257	7.1679645500
0.000000000829744	7.0761280200
0.000000000858239	6.9893195300
0.000000000887423	6.9052133200
0.000000000917899	6.8221391900
0.000000000949421	6.7409005500
0.000000000982026	6.6614666400
0.000000001015750	6.5838125900
0.000000001050633	6.5079075000
0.000000001086713	6.4337281800
0.000000001124032	6.3612459200
0.000000001167541	6.2817155600
0.000000001212754	6.2042266500
0.000000001259697	6.1288128200
0.000000001309149	6.0543923700
0.000000001359823	5.9829753300
0.000000001409138	5.9177385900
0.000000001463682	5.8500308100
0.000000001520364	5.7841543900
0.000000001576152	5.7233636500
0.000000001637161	5.6610477900
0.000000001700561	5.6004643700
0.000000001766857	5.5412282500
0.000000001835247	5.4841041700
0.000000001906318	5.4286136700
0.000000001980107	5.3747744100
0.000000002056787	5.3225039200
0.000000002136400	5.2718171200
0.000000002228499	5.2172754000
0.000000002324569	5.1645748100
0.000000002424781	5.1136710300
0.000000002529313	5.0645200300
0.000000002638350	5.0170780500
0.000000002749021	4.9724903500
0.000000002867530	4.9282939600
0.000000002991149	4.8856781600
0.000000003122718	4.8437982700
0.000000003271085	4.8003791400
0.000000003426563	4.7586966600
0.000000003589367	4.7187277200
0.000000003759973	4.6803868200
0.000000003938617	4.6436495600
0.000000004125824	4.6084340300
0.000000004340169	4.5717142500
0.000000004565650	4.5366918200
0.000000004802846	4.5033004400
0.000000005052364	4.4714752600
0.000000005337277	4.4386965600
0.000000005638357	4.4075914800
0.000000005956316	4.3781030400
0.000000006292316	4.3501371200
0.000000006675327	4.3216545600
0.000000007081651	4.2947762900
0.000000007544416	4.2676659600
0.000000008037565	4.2421928300
0.000000008562796	4.2182758500
0.000000009161015	4.1943658700
0.000000009801027	4.1720104000
0.000000010530195	4.1498477600
0.000000011361362	4.1280514700
0.000000012258135	4.1078481900
0.000000013281511	4.0881252100
0.000000014451319	4.0690015500
0.000000015724160	4.0514260700
0.000000017181627	4.0344995200
0.000000018853426	4.0183065600
0.000000020775208	4.0029121000
0.000000023087357	3.9877869700
0.000000025263434	3.9760805100
0.000000025300000	3.9759010000
0.000000028354067	3.9625417100
0.000000032045604	3.9497921400
0.000000036525427	3.9377805100
0.000000041983669	3.9266091200
0.000000048667521	3.9163419300
0.000000057133809	3.9067850300
0.000000067926974	3.8980553400
0.000000082135535	3.8900604200
0.000000101433412	3.8827880300
0.000000128478062	3.8762723100
0.000000167611588	3.8705666900
0.000000228095559	3.8655996500
0.000000327910058	3.8614099900
0.000000512923531	3.8579569600
0.000000910626905	3.8552851700
0.000002500069600	3.8530995800
0.000027747590000	3.8520596600
0.000039205089800	3.8520731000
0.111773352000000	3.6230573800
0.182476496000000	3.5025636200
0.226207630000000	3.4491407800
0.260000000000000	3.4314087100
0.280000000000000	3.4399147700
0.300000000000000	3.4729178500
0.310000000000000	3.5037180300
0.320000000000000	3.5487251500
0.330000000000000	3.6132365400
0.340000000000000	3.7056546400
0.350000000000000	3.8391843000
0.359875775000000	4.0326652800
0.370000000000000	4.3303274000
0.380000000000000	4.7895010200
0.390000000000000	5.5342344800
0.400000000000000	6.7948054300
0.405000000000000	7.7389591200
0.410000000000000	8.9793207400
0.415000000000000	10.5689533000
0.420000000000000	12.4822821000
0.425000000000000	14.4897035000
0.430000000000000	16.0597832000
0.435000000000000	16.5541266000
0.440000000000000	15.7613818000
0.445000000000000	14.1032722000
0.450000000000000	12.2054997000
0.455000000000000	10.4709336000
0.460000000000000	9.0401299900
0.465000000000000	7.9104783700
0.470000000000000	7.0316068700
0.475000000000000	6.3472617100
0.480000000000000	5.8101490300
0.485000000000000	5.3837652600
0.490000000000000	5.0411029000
0.495000000000000	4.7621571800
0.500000000000000	4.5323713800
0.510000000000000	4.1792583300
0.520000000000000	3.9235045500
0.530000000000000	3.7314714100
0.540000000000000	3.5825505000
0.550000000000000	3.4638371200
0.560000000000000	3.3671274100
0.570000000000000	3.2865211200
0.585000000000000	3.1887999800
0.600000000000000	3.1081148900
0.620000000000000	3.0224147800
0.660000000000000	2.8958085900
0.689593610000000	2.8282729300
0.719751550000000	2.7742149000
0.750000000000000	2.7382500000
0.780000000000000	2.7199122700
0.802008870000000	2.7250088700
0.820000000000000	2.7430254800
0.840000000000000	2.7877397900
0.860000000000000	2.8705650900
0.880000000000000	3.0150119100
0.900000000000000	3.2641341600
0.910000000000000	3.4507313400
0.920000000000000	3.6977762300
0.930000000000000	4.0254312600
0.940000000000000	4.4582879900
0.950000000000000	5.0214177700
0.960000000000000	5.7273670000
0.970000000000000	6.5081553400
0.980000000000000	7.3635358100
0.990000000000000	7.9689443400
1.000000000000000	8.1529343300
1.010000000000000	7.8695690500
1.020000000000000	7.2671392900
1.040000000000000	5.8655132300
1.050000000000000	5.2714411400
1.060000000000000	4.7807179400
1.070000000000000	4.3829801200
1.080000000000000	4.0617440500
1.090000000000000	3.8014131100
1.100000000000000	3.5886905600
1.110000000000000	3.4139073900
1.120000000000000	3.2676568200
1.130000000000000	3.1449989000
1.140000000000000	3.0421375700
1.150000000000000	2.9547439300
1.160000000000000	2.8800293900
1.180000000000000	2.7643261900
1.200000000000000	2.6886288000
1.210000000000000	2.6668621700
1.220000000000000	2.6579463800
1.230000000000000	2.6674558300
1.240000000000000	2.6986974300
1.250000000000000	2.7683554000
1.260000000000000	2.8990747000
1.270000000000000	3.1373079300
1.280000000000000	3.5732285700
1.285000000000000	3.9129875400
1.290000000000000	4.3665638100
1.295000000000000	4.9481163900
1.305000000000000	6.2856232200
1.310000000000000	6.6973563200
1.315000000000000	6.6799194100
1.320000000000000	6.2651615800
1.330000000000000	5.0386904900
1.340000000000000	4.0737490000
1.350000000000000	3.4682032700
1.360000000000000	3.0907476200
1.370000000000000	2.8443036200
1.380000000000000	2.6743246400
1.390000000000000	2.5509797200
1.400000000000000	2.4574103700
1.450000000000000	2.1941691100
1.500000000000000	2.0569232000
1.550000000000000	1.9613138900
1.600000000000000	1.8902267100
1.620000000000000	1.8803784300
1.630000000000000	1.9028182600
1.640000000000000	2.0695563400
1.642000000000000	2.1886555600
1.643000000000000	2.2846472900
1.644000000000000	2.4239511300
1.645000000000000	2.6341714400
1.645875000000000	2.9204358500
1.646000000000000	2.9680806000
1.646937500000000	3.4861758900
1.647000000000000	3.5299864700
1.647125000000000	3.6409432500
1.647937500000000	4.4432085100
1.648000000000000	4.5156007300
1.648125000000000	4.6885892900
1.648437500000000	5.1598417100
1.648562500000000	5.3739929400
1.649000000000000	6.2231805500
1.649500000000000	7.3347734800
1.649937500000000	8.2494925400
1.650000000000000	8.3590362500
1.650125000000000	8.5223741500
1.650437500000000	8.8475895200
1.650531250000000	8.8838900500
1.650625000000000	8.8555657600
1.650937500000000	8.6711738500
1.651031250000000	8.5670552100
1.651187500000000	8.2969567000
1.651500000000000	7.7030240000
1.652000000000000	6.5916558200
1.652937500000000	4.8547982300
1.653031250000000	4.7118212400
1.653125000000000	4.5988118500
1.653937500000000	3.7208463600
1.654000000000000	3.6631101000
1.654125000000000	3.5733649000
1.654937500000000	3.0770907100
1.655062500000000	3.0161164200
1.656000000000000	2.6776474900
1.657000000000000	2.4475512800
1.658000000000000	2.2950605000
1.659000000000000	2.1893564000
1.660000000000000	2.1136538200
1.665000000000000	1.9297783200
1.670000000000000	1.8612960200
1.675000000000000	1.8264812200
1.685000000000000	1.7894206400
1.686000000000000	1.8078923400
1.687000000000000	1.8551272200
1.688000000000000	1.9136640900
1.689000000000000	1.9634901100
1.690000000000000	1.9829575200
1.691000000000000	1.9579383900
1.694000000000000	1.7889811400
1.695000000000000	1.7661153500
1.780000000000000	1.6246854000
1.800000000000000	1.5792550100
1.820000000000000	1.5702662700
1.822000000000000	1.6062412300
1.824000000000000	1.6846185600
1.826000000000000	1.8563327900
1.827937500000000	2.2293771200
1.828125000000000	2.2932742000
1.830000000000000	3.1032234000
1.832000000000000	4.3779295600
1.832937500000000	4.7107197900
1.833062500000000	4.7275811100
1.834000000000000	4.6480425800
1.835000000000000	4.2942185300
1.836000000000000	3.8698842700
1.837000000000000	3.4878710100
1.838000000000000	3.1783866100
1.839000000000000	2.9362580300
1.840000000000000	2.7483313200
1.842000000000000	2.4841511200
1.844000000000000	2.3135473000
1.846000000000000	2.1980244200
1.848000000000000	2.1165389500
1.850000000000000	2.0570353800
1.852000000000000	2.0127673300
1.854000000000000	1.9793255600
1.856000000000000	1.9540008200
1.860000000000000	1.9216180400
1.865000000000000	1.9066530600
1.870000000000000	1.9162713500
1.875000000000000	1.9534371100
1.880000000000000	2.0286630300
1.885000000000000	2.1620531000
1.890000000000000	2.3837773100
1.895000000000000	2.7129476700
1.900000000000000	3.0645124500
1.905000000000000	3.1801663400
1.910000000000000	2.9585977100
1.915000000000000	2.6251610100
1.920000000000000	2.3481130500
1.925000000000000	2.1520848300
1.930000000000000	2.0169530800
1.935000000000000	1.9218647100
1.940000000000000	1.8528443200
1.950000000000000	1.7603065300
1.960000000000000	1.7012548300
1.970000000000000	1.6594316400
1.980000000000000	1.6275192200
2.000000000000000	1.5795168100
2.050000000000000	1.4951073600
2.100000000000000	1.4219933900
2.150000000000000	1.3388764100
2.200000000000000	1.2204644400
2.220000000000000	1.1520638400
2.240000000000000	1.0623466900
2.260000000000000	0.9413659480
2.280000000000000	0.7771643120
2.300000000000000	0.5632166830
2.315750000000000	0.3731524520
2.321000000000000	0.3115220490
2.324000000000000	0.2782013710
2.327000000000000	0.2467316770
2.329000000000000	0.2270001250
2.331000000000000	0.2084325700
2.333000000000000	0.1911582330
2.334500000000000	0.1791599680
2.336000000000000	0.1679438980
2.337500000000000	0.1576949730
2.339000000000000	0.1483149570
2.340500000000000	0.1399899790
2.342500000000000	0.1304349820
2.344500000000000	0.1227499860
2.345500000000000	0.1196349880
2.346500000000000	0.1170099900
2.347500000000000	0.1148749920
2.348500000000000	0.1132299940
2.349500000000000	0.1120849960
2.351000000000000	0.1112571140
2.352000000000000	0.1113474690
2.353000000000000	0.1119383470
2.354170000000000	0.1132447600
2.355357000000000	0.1152585820
2.357000000000000	0.1191118400
2.359000000000000	0.1254950600
2.360000000000000	0.1293454150
2.361500000000000	0.1359750190
2.363000000000000	0.1434536790
2.364500000000000	0.1518800240
2.366000000000000	0.1610780720
2.368000000000000	0.1745921130
2.370000000000000	0.1893730320
2.375000000000000	0.2310056340
2.380000000000000	0.2776985590
2.400000000000000	0.4806763420
2.410000000000000	0.5754624800
2.420000000000000	0.6596389950
2.430000000000000	0.7322407170
2.440000000000000	0.7937747950
2.450000000000000	0.8454095690
2.460000000000000	0.8885042910
2.470000000000000	0.9243983890
2.480000000000000	0.9542520740
2.490000000000000	0.9791050560
2.500000000000000	0.9997923760
2.520000000000000	1.0313824800
2.540000000000000	1.0532876600
2.560000000000000	1.0683910700
2.600000000000000	1.0852929900
2.650000000000000	1.0924948800
2.700000000000000	1.0927985800
2.750000000000000	1.0912017400
2.800000000000000	1.0919060200
2.850000000000000	1.1005099200
2.870000000000000	1.1121436100
2.880000000000000	1.1308078700
2.882000000000000	1.1401392500
2.884000000000000	1.1569294700
2.886000000000000	1.1963475800
2.886875000000000	1.2385216400
2.887000000000000	1.2480168200
2.887187500000000	1.2719727300
2.887875000000000	1.3742946000
2.888000000000000	1.3999903100
2.888100000000000	1.4304806200
2.888200000000000	1.4710359600
2.888300000000000	1.5223195100
2.888375000000000	1.5691626400
2.888450000000000	1.6263249300
2.888500000000000	1.6722227900
2.888550000000000	1.7259083900
2.888600000000000	1.7888708200
2.888650000000000	1.8628346400
2.888700000000000	1.9496816900
2.888750000000000	2.0511050700
2.888800000000000	2.1678712800
2.888850000000000	2.2985517600
2.888950000000000	2.5742903300
2.888987500000000	2.6645549700
2.889012500000000	2.7138662800
2.889037500000000	2.7510849800
2.889062500000000	2.7734298000
2.889081250000000	2.7789693900
2.889100000000000	2.7740071300
2.889125000000000	2.7501969700
2.889150000000000	2.7064331100
2.889175000000000	2.6433607800
2.889200000000000	2.5626547400
2.889225000000000	2.4669039800
2.889262500000000	2.3023988400
2.889350000000000	1.8864214900
2.889375000000000	1.7743371300
2.889400000000000	1.6696630500
2.889425000000000	1.5737204400
2.889450000000000	1.4872060600
2.889475000000000	1.4102877700
2.889500000000000	1.3427206200
2.889525000000000	1.2839659400
2.889550000000000	1.2333003600
2.889575000000000	1.1899071300
2.889600000000000	1.1529464000
2.889625000000000	1.1216048500
2.889662500000000	1.0834963700
2.889700000000000	1.0541196100
2.889737500000000	1.0316381900
2.889775000000000	1.0145619300
2.889825000000000	0.9981343070
2.889875000000000	0.9869078840
2.889950000000000	0.9764669600
2.890031250000000	0.9710471810
2.890109380000000	0.9698442750
2.890500000000000	0.9780604220
2.891000000000000	0.9980163030
2.892000000000000	1.0277097000
2.894000000000000	1.0571094000
2.896000000000000	1.0713914800
2.900000000000000	1.0857272300
2.950000000000000	1.1370143300
3.000000000000000	1.2066274600
3.005000000000000	1.2300099400
3.005500000000000	1.2376055900
3.006000000000000	1.2518811300
3.006200000000000	1.2621373700
3.006400000000000	1.2789760900
3.006500000000000	1.2922870800
3.006600000000000	1.3126727700
3.006675000000000	1.3370193400
3.006725000000000	1.3618025900
3.006762500000000	1.3884055900
3.006787500000000	1.4119415900
3.006812500000000	1.4418204000
3.006837500000000	1.4797590500
3.006862500000000	1.5274823500
3.006887500000000	1.5863257100
3.006912500000000	1.6566512300
3.006937500000000	1.7371544300
3.007000000000000	1.9530605300
3.007018750000000	2.0086573400
3.007037500000000	2.0528855700
3.007056250000000	2.0818735500
3.007075000000000	2.0925161900
3.007087500000000	2.0884173300
3.007100000000000	2.0750825200
3.007112500000000	2.0526282600
3.007125000000000	2.0214911200
3.007143750000000	1.9601927300
3.007162500000000	1.8846301600
3.007231250000000	1.5599680700
3.007250000000000	1.4778035400
3.007268750000000	1.4043726400
3.007287500000000	1.3411419900
3.007306250000000	1.2885868100
3.007325000000000	1.2463741900
3.007343750000000	1.2135944400
3.007375000000000	1.1764580300
3.007400000000000	1.1588160900
3.007425000000000	1.1486403700
3.007487500000000	1.1414193200
3.007800000000000	1.1640300600
3.008000000000000	1.1742089700
3.008400000000000	1.1864535100
3.009000000000000	1.1964050000
3.010000000000000	1.2052008300
3.015000000000000	1.2236552400
3.040000000000000	1.2869159800
3.060000000000000	1.3490245200
3.080000000000000	1.4269386000
3.100000000000000	1.5241455500
3.120000000000000	1.6440517300
3.140000000000000	1.7896547300
3.160000000000000	1.9623387100
3.175000000000000	2.1092000400
3.190000000000000	2.2678486500
3.201000000000000	2.3994540700
3.204500000000000	2.4566000800
3.206000000000000	2.4924753800
3.207000000000000	2.5275242400
3.208000000000000	2.5835322300
3.209000000000000	2.6926830200
3.209875000000000	2.9208252500
3.210000000000000	2.9673356500
3.210125000000000	3.0342661300
3.210375000000000	3.1962869000
3.210468750000000	3.2709252100
3.210562500000000	3.3662188200
3.210687500000000	3.5198398600
3.210906250000000	3.8122943400
3.211000000000000	3.9555470600
3.211100000000000	4.1349004300
3.211400000000000	4.7639170100
3.211500000000000	4.9522986200
3.211575000000000	5.0659389300
3.211650000000000	5.1461748000
3.211750000000000	5.1898494800
3.211825000000000	5.1711171800
3.211900000000000	5.1093298400
3.211975000000000	5.0094806500
3.212050000000000	4.8801640600
3.212400000000000	4.1548107100
3.212500000000000	3.9632830300
3.212600000000000	3.7909392400
3.212700000000000	3.6392561300
3.212800000000000	3.5072097900
3.212900000000000	3.3932419200
3.213000000000000	3.2950938300
3.213150000000000	3.1730953600
3.213300000000000	3.0755274000
3.213450000000000	2.9970662800
3.213600000000000	2.9335355000
3.213800000000000	2.8664947700
3.214000000000000	2.8146589400
3.214300000000000	2.7571552200
3.214600000000000	2.7174733800
3.215000000000000	2.6789684900
3.216000000000000	2.6299254200
3.217000000000000	2.6104270200
3.218000000000000	2.6043269100
3.220250000000000	2.6100763600
3.224000000000000	2.6382785300
3.245000000000000	2.8359494600
3.260000000000000	2.9587430000
3.270000000000000	3.0267493600
3.280000000000000	3.0824360700
3.295000000000000	3.1427283400
3.310000000000000	3.1770368400
3.327000000000000	3.1893000000
3.349000000000000	3.1732839900
3.400500000000000	3.0868250600
3.430000000000000	3.0513831100
3.435625000000000	3.0556125400
3.437500000000000	3.0694927300
3.438000000000000	3.0842654200
3.438312500000000	3.1133380400
3.438406250000000	3.1353167100
3.438468750000000	3.1658786100
3.438531250000000	3.2157238100
3.438593750000000	3.2848500200
3.438875000000000	3.6834956600
3.438968750000000	3.7958547000
3.439031250000000	3.8499530200
3.439125000000000	3.8998784000
3.439312500000000	3.9493598300
3.439421880000000	3.9616660400
3.439500000000000	3.9505611600
3.440000000000000	3.6355340200
3.440062500000000	3.6262021700
3.440125000000000	3.6298921300
3.440312500000000	3.6740485300
3.440437500000000	3.7189265600
3.440531250000000	3.7735814100
3.440625000000000	3.8497572900
3.440906250000000	4.1340570300
3.441000000000000	4.2612664900
3.441093750000000	4.4232590300
3.441437500000000	5.1294195200
3.441550000000000	5.3432542900
3.441625000000000	5.4575465800
3.441700000000000	5.5332114800
3.441775000000000	5.5596369200
3.441825000000000	5.5474787700
3.441875000000000	5.5118815100
3.441950000000000	5.4189837700
3.442031250000000	5.2767221600
3.442375000000000	4.5239362000
3.442468750000000	4.3351059400
3.442562500000000	4.1785149700
3.442687500000000	4.0116357000
3.442875000000000	3.7904236800
3.442968750000000	3.6937761000
3.443062500000000	3.6175301500
3.443187500000000	3.5423730700
3.443437500000000	3.4182525600
3.443562500000000	3.3708778800
3.443875000000000	3.2896433900
3.444125000000000	3.2419176600
3.444500000000000	3.1928572300
3.445000000000000	3.1524330900
3.450000000000000	3.0538803300
3.455000000000000	3.0370891900
3.470000000000000	3.0200355000
3.500000000000000	3.0111257100
3.541250000000000	3.0281750000
3.610000000000000	3.0762803100
3.630000000000000	3.0811813300
3.646200000000000	3.0782278800
3.646300000000000	3.0782429500
3.678200000000000	3.0491542800
3.720000000000000	2.9910786500
3.730000000000000	2.9991600300
3.740000000000000	3.0664851000
3.745000000000000	3.1669410300
3.750000000000000	3.3982218000
3.755000000000000	3.9850667800
3.760000000000000	5.3397891800
3.761000000000000	5.6249896200
3.762000000000000	5.8219043000
3.763000000000000	5.8778516200
3.764000000000000	5.7763096700
3.765000000000000	5.5449572500
3.768000000000000	4.5969508900
3.769000000000000	4.3187768000
3.770000000000000	4.0812274200
3.772000000000000	3.7146880200
3.774000000000000	3.4597723800
3.776000000000000	3.2806908500
3.778000000000000	3.1511325700
3.780000000000000	3.0550346000
3.785000000000000	2.8975476800
3.790000000000000	2.8017598100
3.795000000000000	2.7354366300
3.800000000000000	2.6846038700
3.810000000000000	2.6063693400
3.830000000000000	2.4889316300
3.850000000000000	2.3935317200
3.870000000000000	2.3123302300
3.895000000000000	2.2302999900
3.920000000000000	2.1689277300
3.990000000000000	2.0550999900
4.000000000000000	2.0357218400
4.010000000000000	1.9774612900
4.020000000000000	1.8887241100
4.030000000000000	1.7615366800
4.040000000000000	1.5987459000
4.050000000000000	1.4242214200
4.060000000000000	1.2761335800
4.070000000000000	1.1788145900
4.080000000000000	1.1281361900
4.090000000000000	1.1070718600
4.100000000000000	1.1016521200
4.110000000000000	1.1075789800
4.120000000000000	1.1306442800
4.130000000000000	1.1849361400
4.140000000000000	1.2902092200
4.150000000000000	1.4620492800
4.165000000000000	1.8038033900
4.170000000000000	1.9098242400
4.175000000000000	1.9969719800
4.180000000000000	2.0596559900
4.185000000000000	2.0961726000
4.190000000000000	2.1083050900
4.195000000000000	2.0995488200
4.200000000000000	2.0745870000
4.205000000000000	2.0375205500
4.210000000000000	1.9919298500
4.220000000000000	1.8857508900
4.260000000000000	1.4223422700
4.265000000000000	1.3717808800
4.270000000000000	1.3298562500
4.275000000000000	1.3045863600
4.280000000000000	1.3097911000
4.285000000000000	1.3671243800
4.290000000000000	1.5011050800
4.295000000000000	1.7200478400
4.305000000000000	2.2797570700
4.310000000000000	2.5266563100
4.315000000000000	2.7161783400
4.320000000000000	2.8402023000
4.323000000000000	2.8831558600
4.326000000000000	2.9042417900
4.328000000000000	2.9074222800
4.330625000000000	2.8984999700
4.335000000000000	2.8653552200
4.340000000000000	2.8020480800
4.360000000000000	2.4843884100
4.370000000000000	2.3439023300
4.380000000000000	2.2248914900
4.390000000000000	2.1250777600
4.400000000000000	2.0415668700
4.410000000000000	1.9720612100
4.420000000000000	1.9153612800
4.430000000000000	1.8714752600
4.440000000000000	1.8432748700
4.447500000000000	1.8369000000
4.455000000000000	1.8416644100
4.460000000000000	1.8320799200
4.462000000000000	1.8065444400
4.464000000000000	1.7494567400
4.466000000000000	1.6453237900
4.470000000000000	1.3497845500
4.472000000000000	1.2505819200
4.475000000000000	1.2051588700
4.480000000000000	1.2393511400
4.485000000000000	1.2796340700
4.490000000000000	1.3029687200
4.495000000000000	1.3127101700
4.500000000000000	1.3131391100
4.505625000000000	1.3058749900
4.515000000000000	1.2845445200
4.520000000000000	1.2778893700
4.522250000000000	1.2845037600
4.524000000000000	1.3013392300
4.525000000000000	1.3199186000
4.526000000000000	1.3492998000
4.527000000000000	1.3953555800
4.528000000000000	1.4675296400
4.529000000000000	1.5797608600
4.530000000000000	1.7509778100
4.531000000000000	1.9988876000
4.533000000000000	2.6293153400
4.533875000000000	2.8003902700
4.534062500000000	2.8209988700
4.534250000000000	2.8241246100
4.535000000000000	2.8121468900
4.536000000000000	2.6703160500
4.538000000000000	2.3022066200
4.539000000000000	2.1509166000
4.540000000000000	2.0300944600
4.545000000000000	1.6964064700
4.550000000000000	1.5585189700
4.555000000000000	1.4852556800
4.560000000000000	1.4385283900
4.565000000000000	1.4050720100
4.575000000000000	1.3577433500
4.585000000000000	1.3240418200
4.593000000000000	1.3039357500
4.599750000000000	1.2945066200
4.600000000000000	1.2960612400
4.601125000000000	1.3303303200
4.601500000000000	1.3368963600
4.602000000000000	1.3392255900
4.602500000000000	1.3348209900
4.605000000000000	1.2831701000
4.610000000000000	1.2723655400
4.615000000000000	1.2690792800
4.620000000000000	1.2739792200
4.625000000000000	1.2971758500
4.627000000000000	1.3176230100
4.628500000000000	1.3417000800
4.630000000000000	1.3764775500
4.631000000000000	1.4092099900
4.632000000000000	1.4523964000
4.633000000000000	1.5097583400
4.634000000000000	1.5845320700
4.635000000000000	1.6778595000
4.636000000000000	1.7816695700
4.637000000000000	1.8697256800
4.638000000000000	1.9000201000
4.638750000000000	1.8639417500
4.639000000000000	1.8476214400
4.640000000000000	1.7376872900
4.644843750000000	1.3200250400
4.645000000000000	1.3093615800
4.645312500000000	1.2994577200
4.650000000000000	1.1987866800
4.655000000000000	1.1600729800
4.660000000000000	1.1393580100
4.665000000000000	1.1246334500
4.680000000000000	1.0907163100
4.725000000000000	1.0039086800
4.745000000000000	0.9688470390
4.760000000000000	0.9477108100
4.770000000000000	0.9398144270
4.775000000000000	0.9393254430
4.780000000000000	0.9424101080
4.785000000000000	0.9505302710
4.790000000000000	0.9657092310
4.795000000000000	0.9908495980
4.800000000000000	1.0299897900
4.805000000000000	1.0881507300
4.810000000000000	1.1714058400
4.815000000000000	1.2852110200
4.820000000000000	1.4300131800
4.830000000000000	1.7579778400
4.832000000000000	1.8139897900
4.834000000000000	1.8615546700
4.836000000000000	1.8993245400
4.838000000000000	1.9261219600
4.840000000000000	1.9418319000
4.842000000000000	1.9468568900
4.845000000000000	1.9365462500
4.850000000000000	1.8832450900
4.855000000000000	1.8047186200
4.870000000000000	1.5549547800
4.880000000000000	1.4225474000
4.890000000000000	1.3194087700
4.900000000000000	1.2378786300
4.910000000000000	1.1719560100
4.920000000000000	1.1171419200
4.930000000000000	1.0706313400
4.940000000000000	1.0303262600
4.950000000000000	0.9952121350
4.960000000000000	0.9644738840
4.970000000000000	0.9384456370
4.980000000000000	0.9174743070
4.990000000000000	0.9032553360
5.000000000000000	0.8979534690
5.010000000000000	0.9051167890
5.020000000000000	0.9293031180
5.030000000000000	0.9756437280
5.040000000000000	1.0481177100
5.050000000000000	1.1435860400
5.070000000000000	1.3680564400
5.080000000000000	1.4718599900
5.090000000000000	1.5679874100
5.100000000000000	1.6810801100
5.103000000000000	1.7273500700
5.106000000000000	1.7833751000
5.108000000000000	1.8292189100
5.110000000000000	1.8835730500
5.112000000000000	1.9485452300
5.114000000000000	2.0268118400
5.115500000000000	2.0965502200
5.117000000000000	2.1762785000
5.118500000000000	2.2688502900
5.120000000000000	2.3738095800
5.121500000000000	2.4932003600
5.125500000000000	2.8630003900
5.127500000000000	3.0519003300
5.128500000000000	3.1349502700
5.130000000000000	3.2345682900
5.131000000000000	3.2762926600
5.132000000000000	3.2946943900
5.133000000000000	3.2879148100
5.134000000000000	3.2563178200
5.135000000000000	3.2018931300
5.136000000000000	3.1280356000
5.137000000000000	3.0392387300
5.142000000000000	2.5251738400
5.144000000000000	2.3395583900
5.146000000000000	2.1793456500
5.148000000000000	2.0440786300
5.150000000000000	1.9314752500
5.155000000000000	1.7244446500
5.160000000000000	1.5891366500
5.165000000000000	1.4961660400
5.170000000000000	1.4290216400
5.180000000000000	1.3375560300
5.190000000000000	1.2761809400
5.200000000000000	1.2304472500
5.210000000000000	1.1938301400
5.230000000000000	1.1361216100
5.250000000000000	1.0906206100
5.275000000000000	1.0447499900
5.290000000000000	1.0223351000
5.300000000000000	1.0154560900
5.310000000000000	1.1306748400
5.320000000000000	0.9227667970
5.329843750000000	0.9776503790
5.330000000000000	0.9812883560
5.330234380000000	0.9938633380
5.339843750000000	1.6354718200
5.340000000000000	1.6413231200
5.340234380000000	1.6382267200
5.349843750000000	1.2993585000
5.355000000000000	1.0838611500
5.360000000000000	1.0098294600
5.371000000000000	0.9170522970
5.372000000000000	0.9132437850
5.373000000000000	0.9225621910
5.374000000000000	0.9520759650
5.375000000000000	0.9863655130
5.380000000000000	0.9929300170
5.385000000000000	0.9708558780
5.390000000000000	0.9574135700
5.397500000000000	0.9446049940
5.410000000000000	0.9312192830
5.420000000000000	0.9249453250
5.440000000000000	0.9209354620
5.460000000000000	0.9287500710
5.470000000000000	0.9380533410
5.480000000000000	0.9517377370
5.490000000000000	0.9706225680
5.500000000000000	0.9956076760
5.510000000000000	1.0276442400
5.520000000000000	1.0679492600
5.530000000000000	1.1174530600
5.540000000000000	1.1768531100
5.550000000000000	1.2461494000
5.560000000000000	1.3246371000
5.590000000000000	1.5858523700
5.600000000000000	1.6649488200
5.607500000000000	1.7151000200
5.615000000000000	1.7566460400
5.622500000000000	1.7861500100
5.630000000000000	1.8055448700
5.639800000000000	1.8133961800
5.655000000000000	1.7937360700
5.665000000000000	1.7651486000
5.678000000000000	1.7156538700
5.695000000000000	1.6321413000
5.730000000000000	1.4802239800
5.750000000000000	1.4022245700
5.770000000000000	1.3332243400
5.790000000000000	1.2731221900
5.810000000000000	1.2211222300
5.830000000000000	1.1772224500
5.845000000000000	1.1504218400
5.855000000000000	1.1365281100
5.870000000000000	1.1261309100
5.880000000000000	1.1324607700
5.885000000000000	1.1430939600
5.890000000000000	1.1622437600
5.895000000000000	1.1944378600
5.900000000000000	1.2481951300
5.905000000000000	1.3375396200
5.908000000000000	1.4151036600
5.910000000000000	1.4882075200
5.912000000000000	1.5730694800
5.915000000000000	1.7358970200
5.916000000000000	1.7990133200
5.921000000000000	2.1506790000
5.922000000000000	2.2144902300
5.923000000000000	2.2690016500
5.924000000000000	2.3109407400
5.925000000000000	2.3374241600
5.926000000000000	2.3463685500
5.927000000000000	2.3368293900
5.928000000000000	2.3098179800
5.929000000000000	2.2669842500
5.930000000000000	2.2108855400
5.935000000000000	1.8503991900
5.940000000000000	1.5341235100
5.945000000000000	1.3180919000
5.950000000000000	1.1733666600
5.955000000000000	1.0707560800
5.960000000000000	0.9912711880
5.965000000000000	0.9236350270
5.975000000000000	0.8005007410
5.980000000000000	0.7491637380
5.982000000000000	0.7388806490
5.983875000000000	0.7429803390
5.985000000000000	0.7553755680
5.986000000000000	0.7768979980
5.987750000000000	0.8461269960
5.988000000000000	0.8579757680
5.989500000000000	0.9670229970
5.990000000000000	1.0058260000
5.992000000000000	1.2177796300
5.994000000000000	1.4432905600
5.995000000000000	1.5367174800
5.996000000000000	1.6072224500
5.997000000000000	1.6532282300
5.998000000000000	1.6765735100
5.999000000000000	1.6815411800
6.000000000000000	1.6728865900
6.001000000000000	1.6548925400
6.007000000000000	1.4946498900
6.011000000000000	1.4024999200
6.015000000000000	1.3310694100
6.020000000000000	1.2647195700
6.025000000000000	1.2154274500
6.030000000000000	1.1774905900
6.035000000000000	1.1476693700
6.040000000000000	1.1240526100
6.045000000000000	1.1051556800
6.052000000000000	1.0856729800
6.058000000000000	1.0767700800
6.061000000000000	1.0760747800
6.064000000000000	1.0794103300
6.067500000000000	1.0914500600
6.070000000000000	1.1106020900
6.071500000000000	1.1294001100
6.072500000000000	1.1463501400
6.074000000000000	1.1809762700
6.075000000000000	1.2124212500
6.076000000000000	1.2511612700
6.078000000000000	1.3368291700
6.079000000000000	1.3584309100
6.079750000000000	1.3473138100
6.080031250000000	1.3386416600
6.082000000000000	1.2039002900
6.084000000000000	1.0760376000
6.085000000000000	1.0319686900
6.086000000000000	1.0078933100
6.088000000000000	0.9753355560
6.090000000000000	0.9580054440
6.092000000000000	0.9481301670
6.096000000000000	0.9370542620
6.106000000000000	0.9226316850
6.130000000000000	0.8973805520
6.150000000000000	0.8800927470
6.175000000000000	0.8641243760
6.200000000000000	0.8545013890
6.250000000000000	0.8475206740
6.260000000000000	0.8399709470
6.272250000000000	0.8351803110
6.314000000000000	0.8540186400
6.322000000000000	0.8618580950
6.346000000000000	0.9013551950
6.352000000000000	0.9170168510
6.364000000000000	0.9697183800
6.376000000000000	1.0541048700
6.378000000000000	1.0722036000
6.384000000000000	1.1409906800
6.392000000000000	1.2201898100
6.396000000000000	1.2388271700
6.398000000000000	1.2382674700
6.402000000000000	1.2249809500
6.404000000000000	1.2093117200
6.406000000000000	1.1797298400
6.408000000000000	1.1400298000
6.412000000000000	1.0490981700
6.416000000000000	0.9657979280
6.418000000000000	0.9308359520
6.420000000000000	0.9018622380
6.425000000000000	0.8376022730
6.431000000000000	0.7700100860
6.434000000000000	0.7425696900
6.439000000000000	0.7009699680
6.442000000000000	0.6794816690
6.444000000000000	0.6682702400
6.448000000000000	0.6506851030
6.451600000000000	0.6383049880
6.464000000000000	0.6071590850
6.478000000000000	0.5767071470
6.494000000000000	0.5384601700
6.498000000000000	0.5323431290
6.502000000000000	0.5309514650
6.509300000000000	0.5350983760
6.516600000000000	0.5426558790
6.525000000000000	0.5486934760
6.536000000000000	0.5684411240
6.548000000000000	0.5943792320
6.562000000000000	0.6292566750
6.572000000000000	0.6570314440
6.582000000000000	0.6884812910
6.594000000000000	0.7325605770
6.600000000000000	0.7505846130
6.614000000000000	0.7818255990
6.632000000000000	0.8175163460
6.642000000000000	0.8332898820
6.650000000000000	0.8392126410
6.654000000000000	0.8464263700
6.658000000000000	0.8607840450
6.664000000000000	0.8879431340
6.666000000000000	0.8998149170
6.674500000000000	0.9590149130
6.675000000000000	0.9608992320
6.675937500000000	0.9595751840
6.680000000000000	0.9202583950
6.685000000000000	0.8989365880
6.692000000000000	0.8785226500
6.696000000000000	0.8697882040
6.710000000000000	0.8583909190
6.720000000000000	0.8570588180
6.730000000000000	0.8606016320
6.740000000000000	0.8678143700
6.750000000000000	0.8791495390
6.760000000000000	0.8954839560
6.775000000000000	0.9338113240
6.780000000000000	0.9536206930
6.790000000000000	1.0152261300
6.795000000000000	1.0648748600
6.800000000000000	1.1210414300
6.810000000000000	1.2613751300
6.820000000000000	1.3180550000
6.825000000000000	1.2185118400
6.830000000000000	1.1103351800
6.840000000000000	0.9165408520
6.850000000000000	0.7931582910
6.860000000000000	0.7479638430
6.875000000000000	0.7192073450
6.880000000000000	0.7128014730
6.900000000000000	0.7043286020
6.918750000000000	0.7053406250
6.925000000000000	0.7086318040
6.940000000000000	0.7064436830
6.950000000000000	0.7072310800
6.960000000000000	0.7115382860
6.980000000000000	0.7328507300
7.000000000000000	0.7643647430
7.045000000000000	0.8447652190
7.055000000000000	0.8571163180
7.060000000000000	0.8596745560
7.065625000000000	0.8569024940
7.090000000000000	0.8230709740
7.100000000000000	0.8119256730
7.120000000000000	0.8046010910
7.125000000000000	0.8051969910
7.140000000000000	0.7821461010
7.150000000000000	0.7775217660
7.160000000000000	0.7832099950
7.170000000000000	0.8264792030
7.175000000000000	0.8686317610
7.180000000000000	0.9395597140
7.190000000000000	1.1481317200
7.200000000000000	1.3766341200
7.210000000000000	1.3195825000
7.220000000000000	1.2096199300
7.230000000000000	1.1187538700
7.240000000000000	1.0368511900
7.250000000000000	0.9796212230
7.260000000000000	0.9630829200
7.275000000000000	0.9586357730
7.280000000000000	0.9513154440
7.300000000000000	0.9460696300
7.319531250000000	0.9913594270
7.325000000000000	1.0227812600
7.330000000000000	1.0276927700
7.335000000000000	1.0158245100
7.351700000000000	0.9547149840
7.360000000000000	0.9181197250
7.365000000000000	0.8724580300
7.370000000000000	0.8113051490
7.375000000000000	0.8694704300
7.380000000000000	0.9329967880
7.420000000000000	0.8631869710
7.475000000000000	0.7951028140
7.500000000000000	0.7779308680
7.518750000000000	0.8011912550
7.525000000000000	0.8041752040
7.550000000000000	0.8015571090
7.565600000000000	0.8065454590
7.575000000000000	0.7967662500
7.600000000000000	0.7888096870
7.612500000000000	0.7966452230
7.700000000000000	0.8902875020
7.725000000000000	0.9206816240
7.760000000000000	0.9421030000
7.825000000000000	0.9588041680
7.850000000000000	0.9892845860
7.860000000000000	0.9943289090
7.875000000000000	0.9735962750
7.880000000000000	0.9593676300
7.920000000000000	0.7979334830
7.950000000000000	0.6581689270
7.960000000000000	0.6176552040
7.975000000000000	0.5743420690
7.980000000000000	0.5624508430
8.000000000000000	0.5367784180
8.018750000000000	0.5412268760
8.040000000000000	0.5586977510
8.060000000000000	0.5925279530
8.075000000000000	0.6289280060
8.100000000000000	0.6739124060
8.125000000000000	0.7322835420
8.150000000000000	0.7805018300
8.175000000000000	0.8102399650
8.200000000000000	0.8284496440
8.240000000000000	0.8492179590
8.250000000000000	0.8486875120
8.280000000000000	0.8276710420
8.300000000000000	0.8078542360
8.320000000000000	0.7802060420
8.355000000000000	0.7238849930
8.375000000000000	0.6877074450
8.400000000000000	0.6631974360
8.450000000000000	0.6330311900
8.500000000000000	0.5943318550
8.520000000000000	0.5854253000
8.540000000000000	0.5841170760
8.557500000000000	0.5874512510
8.575000000000000	0.5950629500
8.600000000000000	0.6155371690
8.620000000000000	0.6459890350
8.650000000000000	0.7015269320
8.675000000000000	0.7562584090
8.700000000000000	0.8141087340
8.720000000000000	0.8570304770
8.725000000000000	0.8655668100
8.740000000000000	0.8837868920
8.750000000000000	0.8910183990
8.760000000000000	0.8935410500
8.775000000000000	0.8864724780
8.780000000000000	0.8813330050
8.800000000000000	0.8498231780
8.825000000000000	0.8005517990
8.875000000000000	0.7183388640
8.900000000000000	0.6699706820
8.920000000000000	0.6491064060
8.950000000000000	0.6537370920
8.960000000000000	0.6786614660
8.977500000000000	0.6804050010
8.987000000000000	0.6862451580
9.020000000000000	0.7365852570
9.025000000000000	0.7532978120
9.040000000000000	0.8182970250
9.050000000000000	0.8464001450
9.079687500000000	0.7536066080
9.100000000000000	0.7362454830
9.125000000000000	0.7105009010
9.140000000000000	0.6887628390
9.180000000000000	0.6381405210
9.200000000000000	0.6159079020
9.225000000000000	0.6017943260
9.248000000000000	0.6002082250
9.274000000000000	0.6052551860
9.300000000000000	0.6192809390
9.350000000000000	0.6856621170
9.375000000000000	0.7135401020
9.400000000000000	0.7199612430
9.423625000000000	0.6961225960
9.431500000000000	0.6910434680
9.525000000000000	0.6822421140
9.581250000000000	0.6874425010
9.600000000000000	0.6913469360
9.625000000000000	0.7060071320
9.700000000000000	0.7291505650
9.725000000000000	0.7340719120
9.775000000000000	0.7295956680
9.800000000000000	0.7427599500
9.825000000000000	0.7440815870
9.875000000000000	0.7111569360
9.900000000000000	0.7066352240
9.925000000000000	0.7074461340
9.950000000000000	0.7138898940
9.975000000000000	0.7306681590
10.000000000000000	0.7399234170
10.050000000000000	0.7538683690
10.122000000000000	0.8000899680
10.150000000000000	0.8123882050
10.202000000000000	0.8254849410
10.245000000000000	0.8176737250
10.300000000000000	0.7916525160
10.400000000000000	0.7223872520
10.450000000000000	0.7085877560
10.465000000000000	0.7080601980
10.528000000000000	0.7103184510
10.563000000000000	0.7059575280
10.600000000000000	0.6906561990
10.667000000000000	0.6865320040
10.678500000000000	0.6876700000
10.690000000000000	0.6925362560
10.700000000000000	0.7033065900
10.710000000000000	0.7055288680
10.720000000000000	0.6795651090
10.730000000000000	0.6242922150
10.748750000000000	0.6698243850
10.760000000000000	0.6933269310
10.780000000000000	0.7285616440
10.830000000000000	0.7978269440
10.840000000000000	0.8063198520
10.850000000000000	0.8107859340
10.880000000000000	0.8077258860
10.900000000000000	0.8131865850
10.920000000000000	0.8231112800
10.930000000000000	0.8362596970
10.940000000000000	0.8665119920
10.960000000000000	0.9521330150
10.970000000000000	0.9798731950
11.000000000000000	0.9876034370
11.050000000000000	1.0447059300
11.100000000000000	1.1071643300
11.150000000000000	1.1460725100
11.200000000000000	1.1013652300
11.250000000000000	1.0338170200
11.300000000000000	0.9773541930
11.350000000000000	0.9301753080
11.400000000000000	0.8995129920
11.450000000000000	0.9097311890
11.520000000000000	0.9548274580
11.600000000000000	1.0004656400
11.643000000000000	1.0059853900
11.700000000000000	1.0017127000
11.749375000000000	1.0060450700
11.779000000000000	1.0596622400
11.800000000000000	1.0736687500
11.850000000000000	1.0653767900
11.900000000000000	1.0423375600
11.952500000000000	1.0439875000
11.970000000000000	1.0501368200
12.000000000000000	1.0367623300
12.050000000000000	0.9905892760
12.110000000000000	0.9270354080
12.161000000000000	0.8790951890
12.200000000000000	0.8678278210
12.250000000000000	0.8852471910
12.300000000000000	0.8891383050
12.337500000000000	0.8879748960
12.450000000000000	0.8762518270
12.500000000000000	0.8769516030
12.550000000000000	0.8759135550
12.600000000000000	0.8647705610
12.650000000000000	0.8485463740
12.700000000000000	0.8401452390
12.749218800000000	0.8526991020
12.850000000000000	0.9442130140
12.892350000000000	0.9728151200
12.900000000000000	0.9741079420
12.950000000000000	0.9583731170
13.000000000000000	0.9198959090
13.050000000000000	0.8949579560
13.100000000000000	0.8935285390
13.200000000000000	0.9095316350
13.224700000000000	0.9090430910
13.250000000000000	0.9092135790
13.300000000000000	0.9043381190
13.500000000000000	0.9234925870
13.550000000000000	0.9213521780
13.620000000000000	0.9390661050
13.650000000000000	0.9524086230
13.740000000000000	1.0082341600
13.750000000000000	1.0072235400
13.770000000000000	0.9979356850
13.810000000000000	1.0165431000
13.950000000000000	0.9792187200
14.050000000000000	0.9359869540
14.150000000000000	0.9552610210
14.350000000000000	0.9730217770
14.500000000000000	0.9613650950
14.556250000000000	0.9634619320
14.650000000000000	0.9784476080
14.750000000000000	1.0015446000
14.850000000000000	1.0310151300
15.020000000000000	1.0445949600
15.050000000000000	1.0367968200
15.100000000000000	1.0135014700
15.150000000000000	0.9848152280
15.200000000000000	0.9490738190
15.255000000000000	0.9203912800
15.392070000000000	0.8764603720
15.400000000000000	0.8759536860
15.550000000000000	0.8857497850
15.600000000000000	0.8980865520
15.700000000000000	0.9167456280
15.750000000000000	0.9225937150
15.800000000000000	0.9209975900
15.850000000000000	0.9156867250
15.900000000000000	0.9050920610
15.950000000000000	0.8846363330
16.000000000000000	0.8568282540
16.100000000000000	0.8438556020
16.212000000000000	0.8755408250
16.300000000000000	0.9070904540
16.400000000000000	0.9281308710
16.500000000000000	0.9412997990
16.528750000000000	0.9341922930
16.615000000000000	0.9234051990
16.651600000000000	0.9231209940
16.714750000000000	0.9304761910
16.820000000000000	0.9500666680
17.000000000000000	1.0052812600
17.100000000000000	1.0449585100
17.184500000000000	1.0610825000
17.250190000000000	1.0656317500
17.435000000000000	1.0599551700
17.488000000000000	1.0600866200
17.500000000000000	1.0600727300
17.845000000000000	1.0684387900
18.004375000000000	1.0574691400
18.100000000000000	1.0339406300
18.200000000000000	1.0182398300
18.300000000000000	1.0157373600
18.500000000000000	1.0340234000
18.600000000000000	1.0262710000
18.700000000000000	1.0378169100
18.800000000000000	1.0614645800
18.900000000000000	1.0978138500
19.000000000000000	1.1118317300
19.100000000000000	1.1034574300
19.200000000000000	1.1075055300
19.300500000000000	1.0989755200
19.401000000000000	1.0738120300
19.500000000000000	1.0333158900
19.600000000000000	1.0042095200
19.700000000000000	0.9914791210
20.100000000000000	1.0021297300
20.334240000000000	1.0344685000
20.420000000000000	1.0431830100
20.650000000000000	1.0554015400
20.819960000000000	1.0554716100
20.950000000000000	1.0550412400
21.250000000000000	1.0633404600
21.572515000000000	1.0583308300
22.150000000000000	1.0412440600
22.475000000000000	1.0149790000
23.050000000000000	0.9973612180
23.350000000000000	0.9956822620
23.650000000000000	0.9998895880
24.000000000000000	0.9893604700
25.150000000000000	1.0187031100
25.450000000000000	1.0154157700
25.750000000000000	1.0193398900
26.000000000000000	1.0266886700
26.350000000000000	1.0299693800
27.850000000000000	1.0212800500
29.000000000000000	1.0329377900
29.350000000000000	1.0316989200
29.650000000000000	1.0425236700
29.950000000000000	1.0428250500
32.000000000000000	1.0340384700
34.873935400000000	1.0128851200
41.000000000000000	0.9558647090
43.000000000000000	0.9282308480
50.000000000000000	0.8150002450
53.747737300000000	0.7610483790
61.000000000000000	0.6679382110
65.000000000000000	0.6230534020
69.000000000000000	0.5825588640
73.000000000000000	0.5455353650
77.000000000000000	0.5119040550
80.000000000000000	0.4890002080
86.000000000000000	0.4516802960
88.000000000000000	0.4376995090
94.000000000000000	0.3859112680
97.000000000000000	0.3618718620
100.000000000000000	0.3400001150
103.000000000000000	0.3199757500
106.000000000000000	0.3014215060
108.000000000000000	0.2902260150
111.000000000000000	0.2753005500
116.000000000000000	0.2534658020
120.000000000000000	0.2380000840
124.000000000000000	0.2238816790
128.000000000000000	0.2110153710
138.000000000000000	0.1815984380
150.000000000000000	0.1480007810
