E(MeV)  pendfb7/Si30:2
1e-11  25.9623071
1.02999e-11  25.5844668
1.06087e-11  25.2123271
1.09269e-11  24.8455171
1.12544e-11  24.4843551
1.1592e-11  24.1283288
1.19395e-11  23.7777554
1.22976e-11  23.4321854
1.26662e-11  23.0919112
1.30462e-11  22.7564523
1.34372e-11  22.4262237
1.38403e-11  22.1006409
1.42552e-11  21.7801117
1.46827e-11  21.4641456
1.51229e-11  21.153011
1.55765e-11  20.8462997
1.60434e-11  20.5443741
1.65246e-11  20.2467189
1.70199e-11  19.9536695
1.75304e-11  19.6648138
1.80559e-11  19.3803816
1.85975e-11  19.100031
1.9155e-11  18.8240096
1.97295e-11  18.5519462
2.03209e-11  18.2840677
2.09305e-11  18.0200123
2.15579e-11  17.7600843
2.22045e-11  17.5038504
2.28701e-11  17.251602
2.35561e-11  17.0029458
2.42622e-11  16.7581765
2.49899e-11  16.5169049
2.5739e-11  16.2793769
2.6511e-11  16.0452698
2.73057e-11  15.8147849
2.81247e-11  15.5876339
2.89678e-11  15.3639947
2.98367e-11  15.1435825
3.07311e-11  14.9266125
3.16528e-11  14.7127728
3.26017e-11  14.502256
3.35795e-11  14.2947895
3.45861e-11  14.0905545
3.56235e-11  13.8892757
3.66913e-11  13.6911482
3.77919e-11  13.4958848
3.89247e-11  13.3036879
4.00923e-11  13.1142679
4.12941e-11  12.9278349
4.25327e-11  12.7440967
4.38076e-11  12.5632605
4.51216e-11  12.3850495
4.64742e-11  12.209646
4.78681e-11  12.0368037
4.9303e-11  11.8666819
5.07818e-11  11.6990543
5.23041e-11  11.5340683
5.38729e-11  11.3715039
5.54878e-11  11.2115138
5.71521e-11  11.0538759
5.88653e-11  10.8987362
6.0631e-11  10.7458783
6.24484e-11  10.5954615
6.43215e-11  10.4472627
6.62496e-11  10.3014239
6.82368e-11  10.1577422
7.02822e-11  10.0163657
7.23903e-11  9.87708368
7.45603e-11  9.74003687
7.67967e-11  9.60502732
7.90987e-11  9.47219484
8.14712e-11  9.34134571
8.39134e-11  9.21260442
8.64304e-11  9.08579209
8.90212e-11  8.96103747
9.16913e-11  8.8381583
9.44399e-11  8.71727273
9.72725e-11  8.5982152
1.00188e-10  8.48109557
1.03193e-10  8.3657707
1.06287e-10  8.25229785
1.09475e-10  8.14056356
1.12756e-10  8.03067771
1.16139e-10  7.92245008
1.1962e-10  7.81603934
1.23208e-10  7.71124192
1.26901e-10  7.60819283
1.30707e-10  7.50673914
1.35196e-10  7.39280091
1.39839e-10  7.28096202
1.44641e-10  7.17119594
1.49608e-10  7.06345814
1.54746e-10  6.95771082
1.6006e-10  6.85394079
1.65557e-10  6.75209946
1.71243e-10  6.65216304
1.77123e-10  6.55412691
1.83206e-10  6.45792375
1.89498e-10  6.36354152
1.96005e-10  6.27096889
2.02737e-10  6.18014229
2.09699e-10  6.09107132
2.169e-10  6.00371469
2.24349e-10  5.91803742
2.32053e-10  5.83403105
2.40023e-10  5.7516468
2.48265e-10  5.67089164
2.56791e-10  5.59171517
2.6561e-10  5.51410102
2.74731e-10  5.43803448
2.84166e-10  5.36347897
2.93925e-10  5.29041816
3.04018e-10  5.21883737
3.14459e-10  5.14869696
3.25258e-10  5.07998844
3.36428e-10  5.01268579
3.47981e-10  4.94677214
3.59932e-10  4.88221657
3.72292e-10  4.81901274
3.85077e-10  4.75713033
3.98301e-10  4.69655245
4.1198e-10  4.63725555
4.26128e-10  4.57922724
4.40762e-10  4.52244467
4.55898e-10  4.46689154
4.71554e-10  4.41254644
4.87748e-10  4.35939065
5.04498e-10  4.30740766
5.21824e-10  4.25657693
5.39744e-10  4.20688586
5.5828e-10  4.15831252
5.77452e-10  4.11084262
5.97283e-10  4.06445625
6.17794e-10  4.01914017
6.41707e-10  3.96942485
6.66558e-10  3.92099345
6.92358e-10  3.87386891
7.1917e-10  3.82798325
7.47007e-10  3.78335528
7.75936e-10  3.73992188
8.0597e-10  3.69770185
8.37182e-10  3.65663188
8.69587e-10  3.61672983
9.03262e-10  3.57793528
9.38225e-10  3.54026335
9.74558e-10  3.50365703
1.01228e-09  3.4681292
1.051482e-09  3.43362497
1.092181e-09  3.40015653
1.134477e-09  3.36767041
1.180697e-09  3.33458057
1.231596e-09  3.30075414
1.28469e-09  3.26807898
1.340072e-09  3.23652696
1.397843e-09  3.20607013
1.458103e-09  3.17668071
1.520962e-09  3.14833113
1.58653e-09  3.12099399
1.654925e-09  3.09464208
1.733585e-09  3.0667554
1.815951e-09  3.04000315
1.902265e-09  3.01432938
1.992646e-09  2.98971871
2.087359e-09  2.96611775
2.186534e-09  2.94351077
2.300129e-09  2.9199273
2.419625e-09  2.89743269
2.54533e-09  2.87598456
2.677566e-09  2.85554127
2.828609e-09  2.83447775
2.98812e-09  2.81450155
3.156683e-09  2.79555039
3.334695e-09  2.77758855
3.537676e-09  2.75928799
3.753013e-09  2.74201743
3.998332e-09  2.7245923
4.259612e-09  2.70822799
4.538046e-09  2.69285412
4.855085e-09  2.67748868
5.194274e-09  2.66312167
5.580613e-09  2.6488815
5.995795e-09  2.63562171
6.469054e-09  2.62258144
7.009126e-09  2.6098507
7.594422e-09  2.5980979
8.263322e-09  2.58670469
9.029086e-09  2.57573394
9.90763e-09  2.5652363
1.0917737e-08  2.55525453
1.2081604e-08  2.54582284
1.3482877e-08  2.53662769
1.5110181e-08  2.52808961
1.7077745e-08  2.51993934
1.9464785e-08  2.51226355
2.2373939e-08  2.50512322
2.5293449e-08  2.49960876
2.53e-08  2.49959781
2.9576403e-08  2.493489
3.516369e-08  2.48774644
4.2339565e-08  2.4825944
5.2067558e-08  2.47787751
6.5671703e-08  2.47362472
8.5314768e-08  2.46987709
1.15125361e-07  2.46663271
1.64112973e-07  2.46386104
2.52411306e-07  2.46158227
4.3691672e-07  2.45979335
9.33981924e-07  2.45848969
0.0016097232  2.45274202
0.00199068612  2.45785167
0.0020786808  2.46943356
0.0021177606  2.48542781
0.00214120848  2.50643069
0.00215651474  2.53170481
0.00216775018  2.56250774
0.00217524048  2.59354926
0.00218224227  2.6355839
0.00218712725  2.67666057
0.00219201222  2.73279309
0.0021959202  2.79395691
0.00219852552  2.84626897
0.00220113084  2.91129502
0.00220324767  2.97663948
0.00220569015  3.07081066
0.00220731848  3.14828209
0.0022089468  3.24115006
0.00221057513  3.35380269
0.00221179637  3.45484675
0.00221301762  3.57383375
0.00221423886  3.7152926
0.0022154601  3.88529017
0.00221651852  4.06206078
0.00221731233  4.21714051
0.00221810614  4.39596716
0.00221889995  4.60376251
0.00221969375  4.84727873
0.00222030438  5.06439149
0.002220915  5.31303435
0.00222152562  5.59980461
0.00222213624  5.93318613
0.00222254332  6.18668042
0.0022229504  6.4698971
0.00222334934  6.78117591
0.00222374828  7.13178364
0.00222414722  7.52911774
0.00222454616  7.98259231
0.00222484537  8.36676051
0.00222514457  8.7958398
0.00222544378  9.27806909
0.00222574298  9.82384607
0.00222604218  10.4466196
0.00222627218  10.9885064
0.00222646759  11.5001765
0.00222666298  12.0668409
0.00222685838  12.6976924
0.00222705378  13.4036932
0.00222724918  14.1981001
0.00222744458  15.0968855
0.00222763998  16.1192468
0.00222777025  16.8806727
0.00222790051  17.7149579
0.00222803078  18.6310587
0.00222816104  19.6387029
0.00222830759  20.8956113
0.00222842972  22.0548835
0.00222855184  23.3276123
0.00222867397  24.7262885
0.00222879609  26.2640632
0.00222891821  27.9555556
0.00222904034  29.8165855
0.00222916247  31.863838
0.00222928459  34.1150728
0.00222940671  36.5894945
0.00222952883  39.3071775
0.00222963875  41.9787302
0.00222974866  44.8799857
0.00222985857  48.0274885
0.00222996848  51.4378669
0.0022300784  55.1282769
0.00223018831  59.1148743
0.00223029822  63.4146455
0.00223040813  68.0438866
0.00223051805  73.0187689
0.00223062795  78.3527482
0.00223075822  85.1604421
0.0022308722  91.5635593
0.00223098618  98.3956958
0.00223110016  105.665935
0.00223121415  113.381286
0.00223138512  125.79255
0.00223155609  139.205383
0.0022316945  150.780895
0.00223185734  165.185747
0.00223202017  180.383288
0.00223226441  204.485873
0.00223255751  235.002112
0.00223319256  302.925721
0.00223350194  334.191593
0.00223369734  352.377932
0.0022339416  372.729201
0.00223416956  388.762282
0.00223438287  400.720963
0.00223458315  408.961335
0.00223475249  413.510283
0.002235  415.997333
0.00223515632  414.982058
0.00223536474  410.543255
0.00223556015  403.283851
0.00223576857  392.440046
0.00223599328  377.496415
0.00223623753  357.950576
0.00223643293  340.278749
0.00223674232  309.579526
0.00223759718  218.723054
0.00223783329  194.716455
0.00223807754  171.258087
0.00223824038  156.554432
0.00223842763  140.675041
0.00223858639  128.121311
0.00223874515  116.42663
0.00223890391  105.597666
0.00223906267  95.6273932
0.00223920515  87.3954314
0.00223931506  81.4949139
0.00223942498  75.9730799
0.00223953489  70.8179161
0.0022396448  66.014644
0.00223975471  61.5480356
0.00223986463  57.4017871
0.00223997454  53.560233
0.00224008445  50.0062994
0.00224019436  46.7232325
0.00224030428  43.6941119
0.00224042233  40.7053863
0.00224054446  37.880959
0.00224066658  35.3078644
0.00224078871  32.9653112
0.00224091083  30.834303
0.00224103295  28.8963244
0.00224115508  27.1340377
0.00224127721  25.5315453
0.00224139933  24.074042
0.00224152145  22.7476074
0.00224164357  21.5395643
0.00224176977  20.4032257
0.00224189596  19.3693358
0.00224202216  18.4271597
0.00224214835  17.5673066
0.00224227455  16.7810566
0.00224246384  15.7232545
0.00224265313  14.7914366
0.00224284243  13.9665032
0.00224303172  13.2325561
0.00224322101  12.5761817
0.0022434103  11.9862211
0.00224366269  11.287046
0.00224394969  10.5929581
0.00224423668  9.98684195
0.00224452368  9.45292799
0.00224481067  8.97906756
0.00224509766  8.55569179
0.00224538465  8.17522372
0.00224576731  7.72431344
0.00224614996  7.32757375
0.00224653262  6.97612374
0.00224692749  6.65354668
0.00224733457  6.35719553
0.00224774165  6.09221848
0.00224814873  5.85418688
0.00224875935  5.53986172
0.00224936997  5.26827484
0.00224998059  5.03184835
0.00225071334  4.78628227
0.00225144609  4.57488228
0.00225217883  4.39149379
0.00225291158  4.23129303
0.00225388857  4.04728169
0.00225470274  3.91518997
0.00225592398  3.7461591
0.00225714522  3.60511624
0.00225836647  3.48617313
0.00225958771  3.38492
0.00226121604  3.27173308
0.00226284436  3.17815325
0.00226447269  3.09987305
0.00226691517  3.00441411
0.00226935766  2.92881016
0.00227180015  2.86788483
0.00227546388  2.79633731
0.00227994177  2.73154293
0.00228319842  2.69533101
0.00228971172  2.6413154
0.00229687635  2.60041654
0.0023076233  2.56015764
0.00231837024  2.53432273
0.00233400216  2.51052724
0.00235926156  2.489134
0.00241212106  2.46984411
0.00253294278  2.45706168
0.00452928  2.44354266
0.004815132  2.44793023
0.004877985  2.45852929
0.00490812  2.47720246
0.0049283535  2.51431689
0.004936533  2.54776987
0.004940838  2.57550555
0.004945143  2.61570615
0.00494837175  2.65908365
0.00495106238  2.70900926
0.00495348394  2.77042258
0.00495509832  2.82413482
0.00495644363  2.87987187
0.004958058  2.96498786
0.00495913425  3.03682918
0.0049602105  3.12527924
0.00496101769  3.20600516
0.00496182488  3.30302683
0.00496263207  3.42165043
0.00496317019  3.51655219
0.00496370832  3.62800615
0.00496424644  3.76082377
0.00496471461  3.89899389
0.00496511283  4.03788385
0.00496551104  4.20176874
0.0049658097  4.34503225
0.00496610835  4.50958835
0.00496640702  4.69972093
0.00496670568  4.92054728
0.00496700434  5.1782111
0.00496720344  5.3739876
0.00496740255  5.5918178
0.00496760165  5.83440958
0.00496780883  6.11638769
0.00496802408  6.44521222
0.00496823933  6.81510392
0.00496845458  7.23104071
0.00496866983  7.6983971
0.00496888508  8.22292351
0.00496910033  8.81071161
0.00496931558  9.46814378
0.00496947702  10.0108979
0.00496963845  10.5993441
0.00496979989  11.2364149
0.00497006895  12.4138677
0.0049702842  13.4673645
0.00497049945  14.6267729
0.0049707147  15.8978184
0.00497092995  17.285523
0.0049711452  18.7939969
0.00497132817  20.1734755
0.00497151113  21.6433815
0.00497169409  23.2040542
0.00497196854  25.7136901
0.00497224298  28.4193952
0.00497251742  31.3092329
0.00497282415  34.7344787
0.00497325465  39.8229381
0.0049743309  53.0880005
0.00497478293  58.364363
0.00497532105  63.9296097
0.00497566545  66.9039374
0.00497597111  69.0655755
0.00497624232  70.5588907
0.00497648771  71.5380808
0.0049767417  72.1603965
0.004977  72.3732534
0.0049772583  72.1584646
0.00497746494  71.6813259
0.00497776629  70.512758
0.00497804397  68.9639641
0.00497833455  66.8967181
0.00497865743  64.1232978
0.00497904488  60.2416076
0.0049793247  57.1425985
0.0049798413  50.9906832
0.00498076688  39.5744352
0.00498115433  34.9992611
0.00498150411  31.0984033
0.00498178394  28.1711726
0.0049819938  26.1014761
0.00498220905  24.0969082
0.0049824243  22.2157784
0.00498263955  20.4598069
0.0049828548  18.8289344
0.00498307005  17.3215343
0.0049832853  15.9346333
0.00498350055  14.6641333
0.0049837158  13.5050285
0.00498393105  12.4516136
0.00498409249  11.7271779
0.00498425393  11.0559575
0.00498441537  10.4351372
0.0049845768  9.86190484
0.00498473824  9.33334306
0.00498489968  8.84666924
0.00498511493  8.25816213
0.00498533018  7.73284459
0.00498551852  7.32025315
0.00498576068  6.84782908
0.00498600284  6.43366898
0.00498624499  6.07075383
0.00498648715  5.75266671
0.0049867293  5.4736884
0.00498697146  5.22867115
0.00498737505  4.88374549
0.00498769793  4.6548201
0.0049880208  4.45964294
0.00498835983  4.2844168
0.00498869884  4.13406387
0.00498915087  3.9645048
0.00498960289  3.82276167
0.00499005492  3.70263355
0.00499050694  3.59954127
0.00499118498  3.46961626
0.00499190607  3.35618222
0.00499271325  3.25170219
0.00499352044  3.16517536
0.00499432763  3.09246038
0.00499540388  3.01203666
0.00499648013  2.94612476
0.0049980945  2.86731695
0.00499970888  2.80602867
0.00500131007  2.75768863
0.00500343621  2.70728271
0.00500662542  2.65184482
0.00501003652  2.60995563
0.00501389138  2.57621314
0.0050190312  2.54508235
0.00502674093  2.51540767
0.00503804853  2.49062519
0.00505706585  2.47011078
0.00508996067  2.45583443
0.00518864516  2.44512191
0.0369509135  2.325511
0.058445  2.23203912
0.0755229132  2.14221241
0.0884558  2.06009647
0.0984594  1.98437474
0.10721255  1.90582889
0.11446516  1.8293389
0.12046732  1.75555347
0.12546912  1.68503687
0.13047092  1.60351932
0.13447236  1.52900298
0.1384738  1.44446999
0.14197506  1.35971328
0.14497614  1.27781727
0.14747704  1.20195596
0.14997794  1.11756768
0.15197866  1.04342955
0.15397938  0.96252235
0.15547992  0.897187395
0.15698046  0.826827307
0.158481  0.752143542
0.15998154  0.672148342
0.16148208  0.587016524
0.16298262  0.496946133
0.16448316  0.402621298
0.16723415  0.224916805
0.167859375  0.185569352
0.168422078  0.151307153
0.168797213  0.129332101
0.169047303  0.115207081
0.16948496  0.091633349
0.16973505  0.078980075
0.169922618  0.069948698
0.170110185  0.061321387
0.170266492  0.054508209
0.170391537  0.049302466
0.170516582  0.044335813
0.170641627  0.039623211
0.170766672  0.035162393
0.170860455  0.032014682
0.170954239  0.029038812
0.171048023  0.026235386
0.171141807  0.023619529
0.171266852  0.020429575
0.171329374  0.018969028
0.171391897  0.017601583
0.171454419  0.016330004
0.171548203  0.014606141
0.171610725  0.013583726
0.171657618  0.012885537
0.171704509  0.012250899
0.171751401  0.011678453
0.171798293  0.011169517
0.171845185  0.010725481
0.171892077  0.010347708
0.171938969  0.010037645
0.17198586  0.009796713
0.172032753  0.009626403
0.172079644  0.009528204
0.172110905  0.009503565
0.172157798  0.009529003
0.172204689  0.009630701
0.172251581  0.009810312
0.172298473  0.010069448
0.172345365  0.010409826
0.172392257  0.010833124
0.172439149  0.011341127
0.17248604  0.011935568
0.172532933  0.012618343
0.172579824  0.013391211
0.172626716  0.01425615
0.172673608  0.015215033
0.1727205  0.016269868
0.172767392  0.017422622
0.172814284  0.018675381
0.172861175  0.020030163
0.172908068  0.021489228
0.17298622  0.024163457
0.173048743  0.026523743
0.173111265  0.029080199
0.173173788  0.031843455
0.17323631  0.034819162
0.173298833  0.038013304
0.173361355  0.04143183
0.173423878  0.045081055
0.1734864  0.048967239
0.173548923  0.053097049
0.173611445  0.057477073
0.173673968  0.062114349
0.17373649  0.067015808
0.173799013  0.072188879
0.173892797  0.080480334
0.17398658  0.089412733
0.174080364  0.099039416
0.174174148  0.109361322
0.174267932  0.120435965
0.174361715  0.132264297
0.174455499  0.144908798
0.174549283  0.158370487
0.174643067  0.172716663
0.17473685  0.187948354
0.174830634  0.204138652
0.174924418  0.221288643
0.175111985  0.258759302
0.17523703  0.286136965
0.175362075  0.315583126
0.17548712  0.347210137
0.175612165  0.38113608
0.17573721  0.417485005
0.175862255  0.456387158
0.1759873  0.497979215
0.176112345  0.542404508
0.17623739  0.589813235
0.176362435  0.640362674
0.17648748  0.694217365
0.176612525  0.751549276
0.17673757  0.81253795
0.176862615  0.877370607
0.17698766  0.946242214
0.177112705  1.01935551
0.17723775  1.09692098
0.177362795  1.17915671
0.17748784  1.26628828
0.17773793  1.45617668
0.17798802  1.66852669
0.17823811  1.90536845
0.178363155  2.03362598
0.178538218  2.22502891
0.178688272  2.40018393
0.178888344  2.65109871
0.179088416  2.92231245
0.179288488  3.21495636
0.17948856  3.52989523
0.179688632  3.86785352
0.179888704  4.22936923
0.180088776  4.61474256
0.180288848  5.02397985
0.18048892  5.45673465
0.180688992  5.91224812
0.1809891  6.63503205
0.181289208  7.40015702
0.18248964  10.6524659
0.182889784  11.6861682
0.183189892  12.4009164
0.183520011  13.1061517
0.183790108  13.6068411
0.184090216  14.0752795
0.184390324  14.445745
0.184690432  14.717409
0.18499054  14.8933418
0.185440702  14.9923821
0.185790828  14.9489695
0.186140954  14.8171786
0.186591116  14.5489147
0.187091296  14.1564801
0.187891584  13.4065721
0.18949216  11.8201676
0.190367475  11.020315
0.19124279  10.2967137
0.192118105  9.65408601
0.19299342  9.08516651
0.193868735  8.58450609
0.19474405  8.14383082
0.19574441  7.70032103
0.19674477  7.31321088
0.19774513  6.97364138
0.19874549  6.67420953
0.19999594  6.34635906
0.20124639  6.06354887
0.20249684  5.81531629
0.20399738  5.55704928
0.20574801  5.29950592
0.20749864  5.07877634
0.20949936  4.86340093
0.21150008  4.67910105
0.21400098  4.48373943
0.21650188  4.317428
0.21950296  4.14945661
0.22300422  3.98659726
0.22700566  3.83307132
0.2310071  3.7080294
0.233445478  3.65989957
0.233913321  3.66792852
0.23417766  3.68638143
0.234336264  3.70935421
0.234494867  3.7517175
0.23461043  3.80724362
0.234678003  3.85780741
0.234736108  3.91938239
0.234779687  3.98223905
0.234823265  4.0664284
0.234852318  4.13938338
0.23488137  4.23110953
0.234911876  4.35513555
0.234932213  4.45916653
0.234952549  4.58618312
0.234969981  4.71876663
0.234984507  4.85054148
0.234999033  5.00664405
0.235013559  5.19327944
0.235024454  5.35816968
0.235035349  5.54931691
0.235046244  5.77238214
0.235057138  6.03451881
0.235068033  6.34493633
0.235075296  6.58435984
0.235084012  6.91290414
0.235091638  7.24391549
0.235099264  7.62318051
0.235106891  8.05946791
0.235114517  8.56293841
0.235121417  9.08633248
0.235126864  9.55176309
0.235132312  10.0691134
0.235137759  10.6436453
0.235143206  11.2808406
0.235148653  11.9856648
0.235153883  12.7297931
0.235162598  14.1213872
0.235169571  15.3680906
0.235176543  16.7180384
0.23519688  20.8933479
0.235202691  21.9974036
0.235208501  22.9760241
0.235212859  23.5978987
0.235217217  24.1020275
0.235221575  24.4719406
0.235226223  24.704507
0.23523  24.7640188
0.235233313  24.7190808
0.235238077  24.4975628
0.235241912  24.1905286
0.23524627  23.7132827
0.235250628  23.1147546
0.235259634  21.5764595
0.235267187  20.0836515
0.235282077  17.0096925
0.235288033  15.8370732
0.235294643  14.6176266
0.23530009  13.689054
0.235305537  12.8339972
0.235310985  12.052707
0.235316432  11.3432647
0.235321879  10.7016117
0.235327327  10.1227481
0.235332775  9.60143864
0.235338222  9.13232499
0.235343669  8.71003553
0.235349116  8.32961501
0.23535529  7.94330326
0.235361464  7.59895935
0.235367638  7.29130924
0.235373811  7.0157879
0.235383072  6.6540034
0.235392332  6.34429998
0.235402137  6.06307014
0.235413032  5.79675303
0.235423927  5.57010698
0.235434821  5.37585619
0.235449347  5.15744602
0.235463874  4.97602557
0.2354784  4.82382585
0.235492926  4.69496016
0.235514715  4.53591048
0.23553941  4.39333729
0.235564104  4.28012822
0.235588799  4.18870063
0.23562802  4.07601796
0.235671598  3.98347717
0.235715177  3.91412447
0.235761661  3.85764017
0.235825577  3.79992489
0.235930166  3.73622597
0.23615968  3.66099481
0.236377574  3.62423538
0.23674073  3.59010116
0.2375542  3.55107823
0.2398784  3.48932299
0.245328408  3.38265995
0.252566601  3.26904927
0.261029357  3.1624283
0.271625003  3.05566878
0.2847032  2.95074901
0.2995424  2.85366939
0.30053855  2.86222376
0.30101258  2.88104757
0.30127364  2.90329078
0.30152096  2.94135522
0.30168584  2.9843229
0.3018095  3.03293888
0.30189194  3.07757761
0.30197438  3.13663772
0.30205682  3.2165281
0.30211865  3.29594703
0.30218048  3.39921724
0.302232005  3.51080921
0.302266355  3.60237903
0.302300705  3.7116479
0.302335055  3.84321495
0.302360818  3.9601375
0.30238658  4.09633871
0.302412343  4.25604248
0.302438105  4.44459634
0.30246215  4.652654
0.30248276  4.86110639
0.30250337  5.10319067
0.30252398  5.3857075
0.30253772  5.60067487
0.30255146  5.84054565
0.3025652  6.10895723
0.302578082  6.3901688
0.302590963  6.70383854
0.302603844  7.05427502
0.302616725  7.44630049
0.302629607  7.88529722
0.302642488  8.37700048
0.302655369  8.92755466
0.30266825  9.54310952
0.302681132  10.2294611
0.302694013  10.9911476
0.3027026  11.5421784
0.30271634  12.4956174
0.30273008  13.5319816
0.30277817  17.4963499
0.302790536  18.4494674
0.302800841  19.1586807
0.302811146  19.7598309
0.302818016  20.0872561
0.302828046  20.4438853
0.302838076  20.6426321
0.302844809  20.6829714
0.302853311  20.6262116
0.302861813  20.452408
0.302870915  20.1449523
0.30288122  19.6620526
0.302891525  19.0596198
0.302904578  18.1678707
0.302947859  14.8197076
0.302962286  13.7439944
0.302976713  12.7401915
0.30299114  11.8202173
0.303004022  11.0725943
0.303016903  10.3934466
0.303029784  9.7792813
0.303042665  9.22545982
0.303055547  8.72676264
0.303068428  8.27798296
0.303081309  7.87397214
0.30309419  7.50995924
0.303107072  7.18156843
0.303119953  6.88493681
0.303136269  6.54929144
0.303151727  6.26727795
0.303167184  6.01545977
0.303182642  5.78983501
0.303205828  5.49348737
0.303229014  5.239609
0.3032522  5.02075455
0.303277963  4.81141418
0.3033209  4.5251467
0.30335525  4.33992608
0.3033896  4.18466064
0.30342395  4.05325089
0.3034583  3.94105407
0.303509825  3.80118634
0.30356822  3.67445223
0.30363005  3.56712974
0.30369188  3.48044711
0.30377432  3.38856626
0.30385676  3.31646422
0.30398042  3.23406947
0.30410408  3.17283826
0.3042827  3.10855172
0.30446132  3.06247371
0.30470864  3.01713087
0.3051071  2.96985912
0.30562235  2.93276297
0.3064124  2.89959699
0.3078551  2.86730514
0.3108092  2.83391579
0.3182288  2.78770152
0.334105  2.71916979
0.36018655  2.63187969
0.39812335  2.52897413
0.40239124  2.52338964
0.40539457  2.53138169
0.40697527  2.55044017
0.40792369  2.57571804
0.40855597  2.60448756
0.409148733  2.64717545
0.40950439  2.68439809
0.409860048  2.73542224
0.410097153  2.78019995
0.410334258  2.83691308
0.410571363  2.9097656
0.410749192  2.97854981
0.41092702  3.06336769
0.411104849  3.16914311
0.411223402  3.25446154
0.411341954  3.35459403
0.411450627  3.46207036
0.411549421  3.57481772
0.411648215  3.70592301
0.411747009  3.85815646
0.411845802  4.03548612
0.411944596  4.24258303
0.412018692  4.42064705
0.412092787  4.620955
0.412166882  4.84612557
0.412239001  5.09164901
0.412310133  5.361426
0.412381264  5.66004052
0.412452396  5.98862272
0.412523527  6.34619946
0.412618369  6.8623688
0.412839667  8.13016692
0.412918702  8.53569461
0.412977979  8.79427002
0.413037255  8.99943727
0.413076772  9.10107016
0.413135258  9.19417916
0.413179518  9.21650949
0.413229903  9.19131436
0.413280288  9.11456647
0.413333636  8.98192427
0.413392912  8.7813785
0.413471947  8.44708674
0.413732763  7.12774399
0.413843412  6.58980733
0.413927387  6.2158475
0.414013337  5.86781646
0.414099288  5.55504332
0.414177335  5.30033797
0.414276129  5.0147482
0.414374922  4.76598487
0.414473716  4.54935082
0.41457251  4.36045653
0.414671304  4.19537155
0.414779977  4.03730977
0.414898529  3.88881351
0.415017082  3.7603397
0.415135634  3.64900453
0.415313463  3.50823297
0.415491292  3.39244516
0.41566912  3.29620959
0.415906225  3.19136838
0.41614333  3.10696578
0.416380435  3.03800561
0.416736093  2.95597805
0.41709175  2.89260248
0.41756596  2.82809372
0.41819824  2.76567349
0.41898859  2.71129722
0.41993701  2.66660109
0.42135964  2.6228007
0.42325648  2.58658872
0.426378363  2.55163076
0.431713225  2.51855656
0.4415926  2.48379653
0.46451275  2.43288078
0.5143048  2.35061177
0.63759763  2.18321101
0.640714913  2.18921179
0.641921603  2.20146289
0.642625505  2.21899492
0.643108181  2.24300492
0.643470188  2.275571
0.643711526  2.31137174
0.64389253  2.35163898
0.644013199  2.38874481
0.644133868  2.43828626
0.644244481  2.49961554
0.6443199  2.55415727
0.644395317  2.62306638
0.644470736  2.7117015
0.644521015  2.78556092
0.644571293  2.87501905
0.644621572  2.98460691
0.644659281  3.08365474
0.64469699  3.20092368
0.6447347  3.34085414
0.644759839  3.44945585
0.644784978  3.57267418
0.644810117  3.71305884
0.644835257  3.87372123
0.644860396  4.05826593
0.644885536  4.27088787
0.64490439  4.45166572
0.644923245  4.65328363
0.6449421  4.87825249
0.644960954  5.12921982
0.644979808  5.40888997
0.644998662  5.71980523
0.645020785  6.12727117
0.645042908  6.58246528
0.645065031  7.08426817
0.645087153  7.62678415
0.64513542  8.87842295
0.645161565  9.51722997
0.645176649  9.84137145
0.645191732  10.1164267
0.645206816  10.3298809
0.6452219  10.4712062
0.645240804  10.535666
0.645253073  10.5079437
0.645268157  10.4003267
0.645283241  10.2171918
0.64530838  9.77070322
0.645328491  9.31945608
0.645392847  7.6750407
0.64541497  7.13275609
0.645437093  6.6303124
0.645459216  6.17388402
0.645481338  5.7648411
0.645500193  5.45239284
0.645519048  5.17112705
0.645537902  4.91856466
0.645556757  4.69201997
0.645575612  4.48886795
0.645594466  4.30661156
0.645619606  4.09211728
0.645644745  3.90581997
0.645669884  3.74353032
0.645695023  3.60162605
0.645720163  3.47699056
0.645757872  3.31697193
0.645795581  3.18342143
0.64583329  3.07109821
0.645870999  2.97589485
0.645908708  2.89460642
0.645958987  2.80359947
0.646009266  2.72836022
0.646084683  2.63791351
0.646160102  2.56743551
0.64623552  2.51152313
0.646346133  2.44845912
0.646466802  2.39730759
0.646587471  2.35881434
0.646768474  2.31677198
0.647009812  2.27900375
0.647371819  2.24403401
0.647854495  2.21741787
0.648558398  2.19674771
0.649915924  2.17864799
0.653083485  2.16346361
0.667161535  2.13953292
0.690282345  2.12014415
0.69770217  2.12689728
0.700458105  2.13953995
0.701730075  2.1564932
0.702408459  2.17682676
0.70279005  2.19741689
0.703044444  2.21859657
0.703298838  2.25044551
0.703489634  2.28621321
0.703616831  2.31918802
0.703744028  2.36327175
0.703860625  2.41794966
0.703940124  2.46667535
0.704019621  2.52835849
0.70409912  2.60787852
0.704152119  2.67427857
0.704205117  2.75484765
0.704258116  2.85373725
0.704297865  2.94327478
0.704337614  3.04945554
0.704377364  3.17636981
0.704417112  3.32922453
0.704443611  3.44883224
0.704470111  3.58558895
0.70449661  3.74260401
0.70452311  3.92349291
0.704549609  4.13243504
0.704569484  4.31046579
0.704589359  4.50929773
0.704609233  4.73136921
0.704629107  4.97921436
0.704648982  5.25530297
0.704667266  5.53608689
0.704690586  5.93338789
0.704713905  6.37500556
0.704737225  6.85801448
0.704799763  8.26957294
0.704827322  8.86041277
0.704843222  9.16033505
0.704859121  9.41497754
0.704875021  9.61283358
0.704890921  9.74427353
0.704910848  9.80542922
0.70492378  9.78128225
0.70493968  9.68423354
0.70495558  9.51813302
0.704982079  9.1124435
0.705003278  8.70232859
0.705071116  7.20844129
0.705094436  6.71580922
0.705117755  6.25922499
0.705141075  5.84419792
0.705164394  5.47197478
0.705184269  5.18741841
0.705204144  4.93104485
0.705224018  4.70062718
0.705243893  4.49375337
0.705270392  4.25048859
0.705296892  4.03961836
0.705323391  3.85646435
0.70534989  3.69695592
0.705376389  3.55758703
0.705402889  3.43530514
0.705442638  3.27845278
0.705482387  3.14765455
0.705522137  3.03775412
0.705561885  2.94470502
0.705614884  2.84146677
0.705667883  2.75693126
0.705720882  2.68693143
0.705800379  2.60263786
0.705879878  2.53683766
0.705959376  2.48455812
0.706080083  2.42369375
0.706215501  2.37364502
0.706351597  2.3364323
0.706556755  2.29642496
0.706787559  2.26602532
0.707138038  2.23665089
0.707690615  2.21162306
0.708519479  2.19532969
0.70990092  2.18915356
0.712295418  2.19952811
0.715242492  2.22980776
0.717821182  2.2711579
0.720031487  2.32051765
0.721873408  2.3746578
0.72371533  2.44553277
0.725188867  2.51735371
0.726662404  2.60699822
0.727767556  2.68830454
0.728872709  2.78694702
0.730346246  2.94857863
0.731451399  3.09783257
0.73237236  3.24760629
0.733109128  3.38626087
0.733845897  3.54464224
0.734582665  3.72579645
0.735319434  3.93315474
0.736056202  4.17049417
0.736608778  4.36978736
0.737161355  4.59151707
0.737713931  4.83400398
0.738377022  5.15760863
0.738966437  5.47563228
0.739703206  5.91414074
0.740439974  6.39396916
0.742944987  8.18556852
0.743681756  8.6655932
0.74427117  8.99269457
0.744713232  9.19312742
0.745155293  9.34804886
0.745567883  9.44783576
0.746260446  9.51151059
0.746776184  9.47528523
0.747218244  9.39154987
0.747807659  9.21293625
0.748397074  8.97145026
0.749133843  8.60588573
0.751933563  7.02501306
0.752817685  6.56411827
0.753738646  6.1279577
0.754659607  5.73687774
0.755580567  5.39178254
0.756501528  5.08674261
0.757422489  4.81953327
0.758343449  4.58379752
0.759448602  4.33833834
0.76018537  4.19401413
0.761290523  4.00333539
0.762395676  3.83567152
0.763500829  3.69132149
0.764974366  3.52494273
0.766447903  3.38409797
0.76792144  3.26380557
0.769763361  3.13617876
0.771973666  3.00995623
0.774183972  2.90577967
0.776762662  2.80537179
0.779709736  2.71098936
0.783393578  2.61502039
0.788182573  2.51400555
0.794397139  2.40328555
0.794997922  2.39869858
0.79543276  2.4045585
0.795728208  2.42193516
0.795927924  2.44903407
0.796045404  2.47672863
0.796162884  2.51990626
0.796250994  2.56872878
0.796309734  2.61319202
0.796361132  2.66306916
0.796405187  2.71657423
0.796449242  2.78292979
0.796493297  2.86597943
0.796530009  2.95162132
0.796559379  3.03352222
0.796588749  3.12979319
0.796618119  3.24312273
0.796646608  3.37221096
0.796674216  3.51810365
0.796701824  3.6870745
0.796729432  3.88119156
0.796754396  4.07911033
0.796787878  4.3760106
0.796879512  5.26367591
0.796903008  5.45875439
0.79692063  5.58032592
0.796937312  5.67065167
0.79695282  5.72993833
0.796978195  5.77128615
0.796994056  5.76147139
0.797009915  5.72544873
0.797032236  5.6348348
0.797055732  5.4980195
0.797089802  5.24866581
0.797170569  4.59316996
0.797211981  4.29006799
0.797239589  4.11061644
0.797267196  3.94984839
0.797296566  3.79833882
0.797325936  3.66522933
0.797355306  3.54848531
0.797384676  3.44607175
0.797422857  3.33127966
0.797461038  3.23390388
0.79751831  3.1138064
0.79756677  3.03123486
0.79762551  2.94912841
0.79768425  2.88224886
0.79777236  2.80301088
0.79786047  2.74204383
0.79794858  2.69402364
0.798083682  2.63782222
0.798236406  2.59132605
0.798453744  2.54424665
0.798735696  2.50278247
0.799158624  2.46237596
0.79976952  2.42581189
0.80082684  2.38664845
0.805895378  2.27477328
0.806142815  2.27310195
0.806403999  2.27768569
0.806610196  2.29402347
0.806744225  2.3202954
0.806823268  2.34832621
0.806892  2.38653622
0.80694355  2.42889198
0.806977916  2.4668996
0.807012282  2.51588248
0.807046648  2.57982702
0.807074141  2.64552711
0.807094761  2.70587516
0.807115381  2.77815648
0.807136001  2.8651328
0.807154902  2.96061287
0.807172085  3.06309288
0.807189268  3.1831032
0.807206451  3.32326536
0.807222603  3.47558101
0.807237725  3.63763466
0.807252846  3.81893291
0.807267967  4.01860272
0.807326389  4.87932001
0.807340135  5.06567549
0.807353882  5.22698638
0.807367628  5.35394309
0.8073811  5.43771558
0.807397871  5.47904722
0.807409556  5.46549228
0.80742124  5.41876203
0.807434987  5.32577911
0.807448733  5.19886349
0.807468322  4.9766812
0.807517122  4.35608252
0.80754135  4.07220091
0.807557502  3.9022881
0.80757417  3.74442811
0.807591354  3.59982807
0.807608537  3.47237515
0.80762572  3.36036914
0.80764548  3.24833011
0.807667818  3.14012705
0.807690156  3.04826106
0.807723663  2.9349363
0.80775803  2.84230935
0.807792396  2.76769234
0.807826762  2.70676325
0.807878312  2.63435889
0.807929861  2.57844576
0.807998593  2.52152471
0.808075918  2.47378989
0.808153241  2.43748733
0.808273523  2.39558867
0.808410988  2.36122733
0.808632076  2.32273219
0.808931401  2.28732819
0.809372306  2.25215345
0.809750225  2.23847405
0.809991674  2.2541598
0.810096652  2.27808907
0.810174073  2.30961352
0.810223937  2.33980956
0.810273801  2.38130399
0.810323665  2.43859033
0.81036172  2.49696814
0.810401086  2.57558016
0.810427331  2.64124201
0.810453575  2.72014233
0.81047982  2.81505807
0.810506064  2.92921742
0.810525747  3.02963798
0.810558552  3.22993277
0.810581122  3.39469717
0.810603692  3.5833397
0.810626262  3.79619651
0.810648832  4.03156557
0.810722317  4.87298169
0.810743313  5.09359986
0.810762996  5.27153412
0.810781368  5.40335794
0.81079916  5.49347313
0.810815327  5.54052632
0.810827295  5.55361203
0.810845141  5.53990841
0.810862987  5.48976119
0.810883983  5.39145534
0.810904978  5.26068999
0.810934897  5.03940944
0.810997095  4.54782657
0.8110341  4.27948782
0.811071105  4.0433103
0.811096563  3.90025717
0.811135929  3.70811639
0.811175295  3.5470435
0.811208101  3.43288728
0.811247467  3.31593167
0.811286834  3.21693149
0.8113262  3.13252755
0.811372128  3.04902804
0.811424617  2.96936766
0.81150335  2.8737739
0.811582083  2.79918253
0.811660816  2.73968734
0.811765793  2.67715749
0.811912762  2.61174523
0.81205973  2.56318955
0.812280183  2.51019705
0.812500636  2.4720571
0.812815568  2.43284556
0.81331946  2.39075427
0.813949325  2.35626873
0.8150362  2.31784366
0.816901265  2.27591008
0.820631393  2.21870688
0.829749485  2.09540108
0.835717691  2.00508767
0.837292635  1.99360051
0.838204444  2.00018971
0.838867578  2.01793716
0.839364928  2.04342219
0.839696495  2.06904253
0.840028062  2.10420957
0.840359629  2.15213704
0.840608305  2.19926209
0.84085698  2.25814989
0.841105655  2.33220489
0.841271439  2.39230852
0.841437222  2.46258377
0.841603006  2.54484005
0.841768789  2.64122334
0.841934573  2.75427037
0.842100356  2.88695478
0.842224694  3.00142543
0.842349031  3.13049546
0.842473369  3.2759995
0.842597707  3.43981167
0.842722044  3.62399157
0.842846382  3.83051039
0.84297072  4.0613187
0.843095057  4.31776624
0.843219395  4.60164527
0.843343732  4.91298321
0.84346807  5.25091801
0.843592408  5.61293312
0.844048312  7.04507352
0.844197518  7.48954673
0.844309422  7.79016549
0.844421325  8.05128591
0.844533229  8.26409032
0.844696525  8.47538707
0.844791022  8.54027886
0.844885519  8.56394296
0.844991206  8.54352779
0.845096893  8.47841041
0.845241954  8.32708056
0.845391159  8.11326865
0.845631545  7.69077862
0.846128895  6.73898002
0.846340269  6.36139316
0.846576511  5.97599664
0.846825186  5.61504265
0.847073861  5.2983913
0.847322537  5.02200743
0.847571212  4.78106151
0.84784061  4.55447485
0.848151454  4.33093283
0.84840013  4.17621785
0.848648805  4.03907491
0.848980372  3.88030283
0.849311939  3.74400616
0.849643506  3.62613057
0.850140856  3.47700343
0.850638207  3.3539857
0.851135557  3.2511281
0.851798691  3.13798464
0.852461825  3.04568104
0.853290742  2.95205137
0.854285443  2.86275059
0.855445928  2.78123609
0.856772196  2.70854584
0.858430031  2.63867593
0.860585216  2.57066045
0.863237752  2.50922961
0.866719206  2.45112616
0.87119536  2.39766964
0.877252219  2.35069598
0.87781713  2.35537545
0.878078991  2.36693357
0.878251707  2.38747164
0.87833528  2.40729266
0.878418852  2.44200312
0.878474567  2.48150486
0.878516354  2.52738629
0.878547694  2.57735532
0.878572069  2.63077308
0.878592963  2.69167452
0.878606891  2.74309441
0.87862082  2.80614939
0.878634749  2.88443015
0.878648678  2.98284203
0.878659124  3.07376597
0.87866957  3.18325093
0.878680017  3.31556305
0.878687852  3.43268036
0.878695687  3.56756597
0.878703522  3.72241324
0.878711356  3.89919617
0.878718321  4.07607157
0.878725285  4.27209186
0.87873225  4.48721513
0.878742627  4.84066569
0.878772086  5.96524733
0.878783229  6.36816185
0.878791865  6.63847122
0.878797993  6.79829633
0.878803843  6.9207229
0.878809415  7.00652353
0.878815766  7.06461335
0.878820446  7.07915896
0.878825572  7.06719765
0.878831144  7.02156129
0.878836715  6.94333365
0.878842287  6.83479617
0.878850505  6.6261078
0.878858444  6.37983533
0.878869029  6.00489302
0.878898699  4.89521917
0.878909145  4.5460671
0.878916109  4.33475941
0.878923073  4.14188063
0.878932127  3.91872835
0.878941181  3.72541698
0.878950235  3.55939565
0.878959288  3.41755829
0.878969735  3.27966277
0.878980182  3.1648696
0.878990629  3.06898431
0.879001075  2.98847542
0.879015003  2.90010893
0.879028932  2.82862437
0.879049826  2.74471504
0.879070718  2.68091617
0.87909788  2.61851042
0.87912504  2.57197938
0.879157076  2.53078285
0.879198862  2.49174691
0.879254577  2.45587117
0.87933815  2.42168148
0.87944958  2.39486199
0.879650154  2.36972982
0.88004573  2.34896753
0.880881455  2.33300405
0.88416864  2.30871833
0.893897529  2.26483828
0.909360349  2.2163601
0.96678676  2.09629057
0.973451485  2.0727027
0.97774653  2.04229098
0.978190845  2.04621232
0.978487055  2.05875206
0.978709213  2.08184929
0.978857318  2.11105955
0.978966545  2.14550314
0.979036895  2.1767534
0.979107245  2.21824991
0.979177595  2.27391837
0.979231284  2.3294126
0.979286823  2.40291954
0.979323849  2.46353298
0.979360875  2.53566436
0.979397902  2.621646
0.979434928  2.72416444
0.979471954  2.84618819
0.979499724  2.95233552
0.979524161  3.05716596
0.979554523  3.20327681
0.979584884  3.36738849
0.979615246  3.54874874
0.979722251  4.26315233
0.979751872  4.44728674
0.979778827  4.59202303
0.979803117  4.69653227
0.979829479  4.77618632
0.979852584  4.81412068
0.979867394  4.82235542
0.979894053  4.80646598
0.979920711  4.75450131
0.979945149  4.68020398
0.979969587  4.58604398
0.980015499  4.37502441
0.980104362  3.93732665
0.980158791  3.69488294
0.980195077  3.55121234
0.980231363  3.42237979
0.980268019  3.30657421
0.980323558  3.15582051
0.980379097  3.03054853
0.98042538  2.94230999
0.98048092  2.85237511
0.980536459  2.77658254
0.980619767  2.68362959
0.98069382  2.61720736
0.980804899  2.53851447
0.980915977  2.47800734
0.981064082  2.41676548
0.981212187  2.37074422
0.981538018  2.30201606
0.981834228  2.26191481
0.982278543  2.22266681
0.982870963  2.19054759
0.98367073  2.1645334
0.985003675  2.14027222
0.98752146  2.11750376
0.99255703  2.0963455
1.0061276  2.06794044
1.0815872  1.95591759
1.10822  1.90518595
1.1252354  1.86073155
1.1363324  1.82065258
1.14432224  1.78118141
1.15024064  1.74173425
1.15497536  1.69963597
1.15882232  1.65420324
1.16178152  1.60860062
1.16414888  1.56208992
1.16622032  1.51089898
1.16784788  1.46088717
1.16917952  1.41134122
1.1703632  1.35866322
1.17139892  1.30395321
1.17228668  1.24905849
1.17302648  1.19641173
1.17376628  1.13592911
1.17435812  1.08106285
1.17494996  1.01940998
1.17539384  0.968259597
1.1759117  0.902398945
1.17635558  0.840210235
1.17679946  0.772455189
1.17724334  0.699061699
1.17768722  0.620382899
1.17879692  0.411223826
1.17901886  0.371016033
1.1792408  0.33327471
1.17935917  0.314624588
1.17947754  0.297323639
1.1795959  0.281620696
1.17971427  0.267734983
1.17980305  0.258729261
1.17989183  0.251165326
1.17998061  0.245139738
1.18006938  0.240810093
1.18015815  0.238328163
1.18021734  0.237783815
1.18028392  0.238352453
1.1803653  0.240783392
1.18042448  0.243823719
1.18048367  0.248001063
1.18054285  0.253365545
1.18060204  0.25996934
1.18066122  0.267859173
1.1807204  0.2770832
1.18077958  0.287686255
1.18083877  0.299712516
1.18089795  0.313196694
1.18095714  0.328178308
1.18101632  0.344682916
1.1810755  0.362738716
1.18113469  0.382369516
1.18119387  0.403583213
1.18128265  0.438397834
1.18137142  0.476792888
1.1814602  0.518738566
1.18154898  0.564153106
1.18163775  0.612912727
1.18172653  0.664869581
1.1818449  0.738759169
1.18196326  0.817382882
1.18211123  0.921281844
1.18231837  1.07448155
1.18285102  1.47956613
1.18308776  1.65033383
1.18329491  1.78934476
1.18350205  1.91640165
1.18370919  2.03026671
1.18391634  2.13043565
1.18415308  2.22893176
1.18438981  2.31110603
1.18462655  2.37845777
1.18492246  2.44441456
1.18523318  2.4951565
1.18560308  2.53620712
1.18604696  2.56422034
1.18671278  2.57710299
1.18745258  2.56730389
1.18871024  2.52518174
1.19196536  2.39760413
1.19433272  2.32296151
1.196996  2.2580835
1.1999552  2.20378911
1.20321032  2.16022587
1.20646544  2.13163574
1.20871256  2.12362155
1.21052466  2.1305854
1.21175296  2.14969041
1.21260333  2.17669208
1.21326472  2.21171083
1.21378439  2.25382859
1.21420957  2.30334722
1.21454027  2.35587149
1.21482373  2.41482367
1.21505994  2.47738552
1.21529615  2.55639335
1.21548512  2.63515747
1.21567409  2.73195126
1.21583944  2.83517598
1.21598117  2.94133727
1.2161229  3.06763172
1.216241  3.19132624
1.21635911  3.33501965
1.21647721  3.50213329
1.21659532  3.69646061
1.21668981  3.87409171
1.21678429  4.07333475
1.21689294  4.33073243
1.21700633  4.632147
1.21713861  5.02163406
1.21741261  5.87766942
1.21751655  6.16550617
1.21760158  6.35765796
1.21767717  6.48312341
1.21774331  6.5511266
1.21781418  6.57651287
1.21788504  6.55146634
1.21795118  6.48443337
1.21802676  6.36135813
1.2181118  6.17390642
1.21821573  5.89475598
1.21853699  4.9310904
1.21866926  4.56802737
1.21876848  4.32225328
1.21888658  4.06083705
1.21900469  3.83204471
1.21912279  3.63316934
1.2192409  3.46076376
1.21935901  3.3113779
1.21947711  3.18178503
1.21961884  3.04833979
1.21976057  2.93510107
1.21992592  2.82384019
1.22011489  2.71824195
1.22030386  2.63112811
1.22054007  2.54232758
1.22077628  2.47065075
1.22105974  2.4015671
1.22139043  2.33819018
1.22181562  2.27598035
1.22233528  2.21987891
1.22299668  2.16887438
1.22375256  2.12764446
1.22479189  2.08848881
1.22611468  2.05504488
1.22819335  2.02093154
1.23150033  1.98685381
1.23716943  1.94930719
1.24874333  1.89530379
1.26443733  1.83464
1.26688604  1.83038006
1.26877823  1.83548402
1.26994693  1.84932189
1.27072607  1.86957342
1.27133824  1.89790812
1.27178346  1.93065008
1.27211738  1.96597603
1.27239564  2.00584032
1.2726739  2.05916106
1.27289651  2.1149578
1.2730913  2.17702149
1.27328608  2.25499224
1.27345304  2.33790798
1.27359217  2.42095741
1.2737313  2.51906828
1.27387599  2.63947875
1.27400956  2.76930686
1.27414313  2.91795775
1.27429895  3.113953
1.27467739  3.63533731
1.27479983  3.7821643
1.27490668  3.8832431
1.27500018  3.94392926
1.27513374  3.97844348
1.27522279  3.96628131
1.27532296  3.92154632
1.27543426  3.83952448
1.27556783  3.70896031
1.27601305  3.20324778
1.27618001  3.03291376
1.27634697  2.88321455
1.27651393  2.754135
1.27668088  2.64386998
1.27687567  2.53573697
1.27707045  2.44600735
1.27729306  2.36160363
1.27751567  2.29266714
1.27779393  2.22279964
1.27812785  2.15712484
1.27851742  2.09840625
1.27896264  2.04763569
1.27951916  2.00055858
1.28024264  1.95670419
1.28113308  1.91900256
1.28235744  1.88361381
1.28402701  1.85148795
1.28669833  1.81768158
1.29131749  1.77849505
1.29947889  1.7282349
1.30025814  1.73335659
1.3006554  1.74623546
1.30089988  1.76505695
1.30106795  1.78929548
1.30119019  1.81833876
1.30128186  1.85120842
1.30135826  1.89048849
1.30141938  1.93382524
1.30147286  1.98457397
1.3015187  2.04166712
1.30155689  2.10249294
1.30158745  2.16271595
1.30161801  2.2362518
1.30164093  2.3023776
1.30166767  2.39441254
1.30169059  2.48900621
1.30171351  2.6014323
1.30173261  2.71145297
1.30175171  2.83895882
1.30177081  2.98662111
1.30178991  3.15710976
1.30180901  3.35275045
1.30182811  3.57497379
1.30184721  3.82353052
1.3018686  4.12942872
1.30192208  4.9420587
1.30194194  5.21104083
1.30195722  5.38377954
1.30197097  5.50481662
1.30198472  5.58715931
1.30200443  5.63017604
1.30201834  5.60562437
1.30203209  5.53843823
1.30204584  5.43259875
1.30206112  5.27669405
1.30207945  5.04955728
1.30214363  4.13823094
1.30216426  3.866294
1.30218335  3.63756969
1.30220245  3.4326768
1.30222155  3.25147671
1.30224065  3.09246274
1.30225975  2.95350795
1.30227885  2.83228099
1.30230177  2.70700079
1.30232469  2.60035601
1.30235143  2.49534546
1.30237435  2.41900903
1.30240491  2.33307569
1.30243547  2.26170985
1.30247366  2.18849937
1.3025195  2.1184566
1.30257298  2.05475671
1.3026341  1.99887048
1.30270286  1.95104926
1.3027869  1.90736847
1.30288621  1.86960646
1.30302373  1.83283233
1.30320708  1.80031579
1.30345155  1.77276593
1.30380298  1.74869573
1.30436833  1.7263535
1.30543789  1.70250407
1.30954171  1.63305552
1.30979677  1.63811801
1.3099583  1.65142157
1.31006883  1.67091906
1.31015385  1.69683478
1.31022186  1.72908009
1.31027288  1.76367996
1.31031539  1.80238669
1.3103579  1.85362266
1.3103919  1.90682808
1.31041741  1.95609222
1.31044717  2.02652835
1.31047267  2.10086317
1.31049393  2.17511646
1.31051519  2.26293597
1.31053644  2.3669513
1.31055344  2.46392147
1.31057045  2.57508693
1.31058745  2.70217433
1.31060446  2.84718781
1.31062146  3.01163906
1.31063676  3.17738959
1.31065377  3.38190906
1.31067077  3.60705649
1.31069117  3.90147474
1.31075069  4.8201747
1.31077109  5.1023657
1.3107881  5.3002429
1.3108034  5.43942459
1.310817  5.52706703
1.31083061  5.57793677
1.31084251  5.59144613
1.31085611  5.57219188
1.31087142  5.50914956
1.31088842  5.39429531
1.31090543  5.24148095
1.31092923  4.98427065
1.3109913  4.24781317
1.3110168  3.97001651
1.31104231  3.72082927
1.31106356  3.53645232
1.31108482  3.37234488
1.31111033  3.20009073
1.31113583  3.0516798
1.31116134  2.92365664
1.31119109  2.7960853
1.3112166  2.7022583
1.31125061  2.59545929
1.31128462  2.50567747
1.31132712  2.41238712
1.31136964  2.33551765
1.31142065  2.25993906
1.31148016  2.18906022
1.31154818  2.12480381
1.3116247  2.0679429
1.31171822  2.01413618
1.31183725  1.96254892
1.31197328  1.91895353
1.31214332  1.87919788
1.31236437  1.84260915
1.3126632  1.80891608
1.31308497  1.7779641
1.31366305  1.751309
1.31458797  1.72558111
1.31603315  1.7021414
1.31857668  1.67842142
1.3218139  1.66176362
1.3241262  1.65746074
1.3264385  1.66249914
1.32817273  1.67674589
1.32956011  1.69937515
1.33060064  1.72701995
1.33152556  1.76363623
1.33221925  1.80206879
1.33279733  1.84435547
1.3333754  1.89915065
1.33383786  1.95526576
1.33418471  2.00674671
1.33458936  2.07875889
1.33493621  2.15410216
1.33528305  2.24455565
1.33557209  2.33369891
1.33587268  2.44179233
1.33615016  2.55732211
1.33642764  2.68901232
1.33675136  2.86289044
1.33763003  3.39232663
1.33788439  3.52589134
1.33809249  3.61150448
1.33827748  3.66310209
1.33852027  3.68913388
1.33869369  3.67667704
1.33887867  3.63583723
1.33908678  3.55980978
1.33929489  3.45847474
1.33961861  3.27052978
1.34017357  2.9305212
1.34042792  2.78850543
1.34071696  2.64177998
1.34100599  2.51519818
1.34129503  2.40723543
1.34158407  2.31625147
1.34187311  2.24030918
1.34221995  2.16623891
1.34250899  2.1171458
1.34292678  2.06127842
1.34334516  2.02186311
1.34380533  1.99369059
1.34418881  1.98101844
1.34464899  1.97569143
1.34510917  1.9815778
1.34556934  1.99680314
1.34614456  2.02944786
1.34664308  2.07046329
1.34710326  2.1180518
1.34756344  2.1768313
1.34802361  2.24638346
1.34848379  2.3290015
1.34894397  2.424373
1.34940415  2.53527274
1.34986432  2.66120798
1.35035517  2.8149548
1.35084602  2.98948629
1.35133688  3.18547744
1.35182773  3.40282425
1.35231859  3.64024058
1.35305487  4.0270042
1.35440472  4.76740723
1.35501829  5.07407784
1.35550915  5.28564562
1.35599387  5.45530893
1.3564295  5.56853259
1.356859  5.64214775
1.35747256  5.6820611
1.35796342  5.66326219
1.35851563  5.5967725
1.3591292  5.47947253
1.35992684  5.28249643
1.36213569  4.66987805
1.36320943  4.40199324
1.36397639  4.23294149
1.36479788  4.07438621
1.36564974  3.93310656
1.3664978  3.81468282
1.36744792  3.70832934
1.36839804  3.6242955
1.36934817  3.56470919
1.37029829  3.5244117
1.37175514  3.50195653
1.37295863  3.51640667
1.37397209  3.54990519
1.37523893  3.61747453
1.37650575  3.70891697
1.38106634  4.1322344
1.38245986  4.2404074
1.38376469  4.31138473
1.38562693  4.34973339
1.38689376  4.33351081
1.38828727  4.28171804
1.39006084  4.17835425
1.39449474  3.86112328
1.39582492  3.78849816
1.39690172  3.76358004
1.39749555  3.77752408
1.39793102  3.81141281
1.39828732  3.86329259
1.39856444  3.9263753
1.39883275  4.01503584
1.39904826  4.11391243
1.39923298  4.22536452
1.39938692  4.34267859
1.39954085  4.48801231
1.399664  4.6288817
1.39978714  4.79581947
1.39990842  4.98902043
1.40002707  5.20944076
1.40014572  5.46265521
1.40027861  5.78400335
1.40066778  6.81666785
1.40077219  7.04097585
1.40085762  7.17697908
1.40093356  7.25232849
1.40101329  7.27963224
1.40109492  7.25088445
1.40118035  7.16284431
1.40127527  7.00553941
1.40138917  6.75594406
1.40177835  5.75534912
1.40193022  5.40557268
1.40206785  5.12798783
1.40221023  4.87988395
1.40235261  4.66798769
1.40249499  4.48748558
1.4026611  4.31011665
1.40282721  4.16199878
1.40304078  4.00568073
1.40327808  3.86559529
1.40351538  3.75222523
1.40380014  3.64196354
1.40413236  3.5388197
1.4045595  3.43380841
1.40508156  3.33286533
1.405746  3.23082238
1.40679012  3.10150012
1.40878344  2.87725925
1.40952439  2.77701175
1.41005958  2.68713448
1.41052787  2.58917081
1.4110798  2.45749867
1.41127213  2.4341395
1.41136411  2.44316541
1.41143101  2.46622722
1.41148119  2.49758884
1.41153136  2.54591703
1.41157318  2.6035213
1.41160663  2.66414583
1.41164008  2.74073366
1.41167353  2.83655405
1.41169861  2.92319976
1.4117237  3.02438538
1.41174879  3.14172645
1.4117722  3.26715183
1.41179895  3.43070578
1.41182571  3.61689073
1.41185247  3.8257688
1.41188592  4.11684444
1.41192606  4.50167436
1.41200634  5.3047034
1.41203979  5.60722875
1.4120699  5.84123052
1.412099  6.02297665
1.41212676  6.15055334
1.41215352  6.22989597
1.41219366  6.27267548
1.41222711  6.24755392
1.41226391  6.17013322
1.41230739  6.03198342
1.41249303  5.28815793
1.41256829  5.02110711
1.41264356  4.79158846
1.41271882  4.59699621
1.41280244  4.41574666
1.41288607  4.26435328
1.41298642  4.1139387
1.41310349  3.97164868
1.41323728  3.841515
1.41338781  3.72511057
1.41357178  3.61334298
1.41377248  3.51809616
1.41404007  3.42013147
1.41437457  3.32804279
1.41477596  3.24553461
1.41531115  3.16403255
1.41598014  3.08896446
1.41686656  3.01542517
1.41812091  2.93867366
1.41979339  2.86246236
1.42213485  2.7817775
1.42514531  2.70193126
1.42915925  2.61865864
1.43417667  2.53690224
1.44019758  2.45927906
1.44755647  2.38375347
1.45625334  2.31210065
1.46874607  2.22942383
1.49989536  2.06531455
1.50004134  2.04433651
1.50012401  2.03889062
1.6  1.94880842
1.7  1.89878514
1.75075  1.83850361
1.75234  1.82436119
1.753935  1.83155761
1.75553  1.86062777
1.75713  1.83465384
1.76034  1.84975151
1.76194  1.84635976
1.76355  1.84884335
1.76516  1.82988388
1.76677  1.82418809
1.76839  1.8076634
1.77001  1.8287811
1.77162  1.78787269
1.77487  1.75911599
1.7765  1.76842209
1.77812  1.72415785
1.77975  1.77574199
1.78139  1.76967247
1.7822475  1.77204368
1.78237  1.76857863
1.78269  1.72421561
1.7827725  1.72873098
1.78302  1.76425699
1.78335  1.85911453
1.7835975  1.90875175
1.784  1.97143701
1.78433  2.06288612
1.7844125  2.06680704
1.7845775  2.06175613
1.78466  2.07052395
1.78499  2.2229995
1.78503594  2.2270714
1.78529625  2.18987987
1.78597  2.00880671
1.7863  1.87358638
1.7863825  1.8548197
1.78663  1.81807935
1.78695  1.79679855
1.78721813  1.72575295
1.78728  1.71671449
1.78761  1.76205332
1.78767188  1.75665667
1.78789875  1.71264136
1.78800188  1.70526854
1.7886  1.72321251
1.78958  1.68242657
1.79069375  1.71987449
1.79156  1.7190054
1.79255  1.7045072
1.79354  1.75251016
1.79453  1.75629497
1.79552  1.79757053
1.79651  1.79529469
1.79751  1.80998465
1.7985  1.80208176
1.7995  1.82229625
1.80049  1.86039526
1.80149  1.85527282
1.80215  1.87243516
1.8025725  1.94502039
1.80282  1.99223007
1.80315  1.97838733
1.8032325  1.99284892
1.80343875  2.04905637
1.803565  2.1107134
1.80375625  2.22588509
1.80379875  2.24288775
1.80384063  2.24870024
1.8039025  2.23852154
1.80408813  2.17982513
1.80411907  2.17664532
1.80415  2.18033784
1.80419125  2.1974889
1.8042325  2.22545589
1.80448  2.42859082
1.8050675  2.82899765
1.80515  2.89819714
1.8052325  2.99325636
1.80541813  3.23060656
1.80548  3.28977479
1.80554375  3.32034792
1.80575625  3.34942453
1.80582  3.34001096
1.80588188  3.3069731
1.80615  3.08859409
1.80648  2.79438505
1.80682  2.58505401
1.80688188  2.52597061
1.80710875  2.2749849
1.80719125  2.19517034
1.8073975  2.02736238
1.80745938  1.98622884
1.80750125  1.96821777
1.807565  1.95584647
1.80782  1.93652665
1.80810875  1.86953609
1.80817125  1.84399623
1.80842625  1.69008574
1.80846875  1.67078525
1.80851743  1.65989452
1.80854485  1.65906398
1.80925782  1.76485701
1.8093675  1.77536306
1.812  1.8430732
1.81469  1.86515205
1.81603  1.92891357
1.81738  1.96169427
1.81872  2.08945258
1.82007  2.13710951
1.82278  2.32943152
1.82413  2.46740699
1.82548  2.50944538
1.82701  2.62568865
1.82871  2.82599705
1.83041  3.04939907
1.83211  3.29699814
1.83382  3.58152958
1.83518  3.84113531
1.83621  3.99787469
1.83724  4.26580056
1.83826  4.61520752
1.83929  4.92781882
1.840835  5.45296076
1.84238  6.01924958
1.84341  6.45104006
1.84444  6.73992502
1.84548  6.98395559
1.84651  7.27325592
1.84755  7.36410084
1.84858  7.6947412
1.84962  7.84556834
1.85066  7.77091749
1.8517  7.82263576
1.85274  7.9839546
1.85378  8.20502532
1.85482  8.17547033
1.85586  7.91655117
1.8569  7.69304733
1.85795  7.43247546
1.85899  7.12606621
1.86004  7.08451585
1.86108  6.93421977
1.86213  6.75423592
1.86353  6.67127514
1.86703  6.09785486
1.86878  5.78775937
1.87054  5.53766329
1.87406  5.11221642
1.87582  4.88334665
1.87759  4.74922731
1.87936  4.53576986
1.88113  4.35672635
1.88291  4.11649009
1.88468  3.90617098
1.88824  3.58798731
1.89003  3.32063078
1.89182  3.22750285
1.89361  3.04185765
1.89719  2.69720475
1.89899  2.54926686
1.90079  2.41827092
1.90331  2.16303855
1.9044  2.19680243
1.90548  2.12142167
1.90656  2.18797097
1.90765  2.17426502
1.90874  2.23551405
1.90983  2.35651647
1.91091  2.60910771
1.912  2.78410466
1.91309  3.08879546
1.91437  3.32185968
1.91583  3.73278626
1.91728  4.00899309
1.91874  4.21086344
1.92021  4.33773048
1.92167  4.38521293
1.92314  4.46436166
1.9246  4.56309249
1.9257  4.55126306
1.92644  4.61803034
1.92717  4.74875756
1.92791  5.11974752
1.9285575  5.16470375
1.92865  5.15791956
1.92878782  5.10327872
1.929385  4.81030917
1.93012  4.38921712
1.93086  4.23797921
1.93159  4.12241385
1.93233  4.13158634
1.93307  4.12132787
1.9351  3.92993109
1.93881  3.85381845
1.94253  3.66670827
1.94625  3.65135659
1.94812  3.60151142
1.94999  3.61583312
1.95186  3.58146642
1.95374  3.58274104
1.95562  3.62186799
1.95938  3.7447291
1.96108  3.88400633
1.96259  3.96423245
1.9641  4.10792038
1.96562  4.33310739
1.96713  4.51668701
1.96865  4.82928215
1.97017  4.98298939
1.97169  5.23949503
1.97321  5.30449801
1.97474  5.32451714
1.976265  5.04477134
1.97779  4.90549621
1.97932  4.58659895
1.98086  4.23582125
1.98239  3.96251049
1.98392  3.78102089
1.98546  3.64368447
1.9871975  3.40274703
1.98739  3.38528783
1.98816  3.49767494
1.98893  3.63832135
1.9897  3.61211187
1.99047  3.35816924
1.99124  3.12376824
1.99202  3.02180147
1.99279  2.93801499
1.993565  2.96556789
1.99424313  2.96748435
1.99724  2.81747231
2.00113  2.71222512
2.00308  2.62177527
2.00503  2.5790474
2.00698  2.4759484
2.00893  2.48452748
2.01089  2.39559781
2.01285  2.38446545
2.01482  2.35531761
2.01678  2.33848556
2.01875  2.29250505
2.02073  2.2803333
2.0227  2.24170766
2.02468  2.23671679
2.02666  2.17088038
2.02865  2.12084123
2.03063  2.10782216
2.03262  2.0761387
2.03462  2.01175001
2.03661  1.93777262
2.03796625  1.90164577
2.03806  1.88807086
2.03881  1.70078605
2.03961  1.59271133
2.04041  1.42631204
2.04111875  1.32253262
2.04122  1.31547145
2.041295  1.32274401
2.04202  1.46144681
2.04282  1.68411433
2.04357  1.95486816
2.04362  1.96824855
2.04372125  1.98265109
2.04443  2.03704638
2.04523  2.06926001
2.04644  2.02438666
2.04805  2.05568651
2.05128  1.92006666
2.05289  1.98555137
2.05451  2.00852697
2.05613  2.01760514
2.05735  2.06713985
2.05816  2.16955298
2.05897  2.29305428
2.05978  2.43788387
2.06054875  2.54522777
2.06065063  2.57303643
2.06141  2.88046636
2.06222  3.11296841
2.0629375  3.13273146
2.06301438  3.12619881
2.06309094  3.09849322
2.063855  2.61857492
2.06461907  2.26079493
2.06472063  2.22674697
2.06548  2.07334733
2.0663  2.02408628
2.06752  1.92321558
2.06916  1.89977164
2.0708  1.8478143
2.07244  1.81384951
2.07408  1.8814296
2.07572  1.88404423
2.07737  1.97112013
2.07902  2.03651319
2.08017313  2.03965101
2.08025  2.04443598
2.08035313  2.06233759
2.0819  2.4111182
2.08273  2.7451513
2.08356  3.22360312
2.08432875  3.49465192
2.08443188  3.50900621
2.08515813  3.45944693
2.08526188  3.43355277
2.08598813  3.1265158
2.08610485  3.10708221
2.08687  3.15461753
2.0877  3.31328401
2.08853  3.70752888
2.08936  4.02627487
2.09013813  4.42601025
2.09024188  4.45736449
2.09102  4.52011986
2.09185  4.43868764
2.09268  4.2291365
2.09351  4.15610303
2.09435  4.11774386
2.09518  4.12776661
2.09601  4.07165174
2.09727  4.06180542
2.09894  4.00608302
2.10061  3.93150105
2.10229  3.88496896
2.10564  3.74088596
2.10732  3.73319605
2.10901  3.7080691
2.11027  3.83626138
2.11111  3.82813045
2.11190063  3.88924672
2.11205875  3.91618762
2.11364  4.28731112
2.11534  5.06467712
2.11618  5.61441947
2.11703  5.78617325
2.117875  5.61140436
2.11872  5.2175418
2.11957  4.9142179
2.12042  4.35096971
2.12127  4.07311087
2.12382  3.53949299
2.12467  3.56791727
2.12574  3.39148507
2.12701  3.24195819
2.12829  3.104583
2.13  3.08626488
2.13214  2.9446494
2.13643  2.7537257
2.13858  2.73690438
2.14073  2.6544881
2.14288  2.60597614
2.14504  2.58562438
2.14936  2.65620633
2.15363875  2.50050912
2.15588  2.49032485
2.15805  2.50435154
2.16023  2.48618118
2.16242  2.43341897
2.16461  2.44734696
2.16619594  2.4458244
2.16636  2.44779964
2.167675  2.56106861
2.16899  2.71967808
2.17031  2.90670487
2.17163  3.12858084
2.17295  3.15441152
2.17427  3.02410232
2.17559  2.98879018
2.17692  2.89968277
2.17824  2.8529504
2.17957  2.65774241
2.18134  2.65414217
2.18578  2.50808685
2.188  2.45454443
2.19022  2.38120348
2.19245  2.3732606
2.19469  2.37754946
2.19692  2.37364109
2.20141  2.31233164
2.20365  2.30414668
2.205905  2.30538912
2.20816  2.35380833
2.21042  2.2971634
2.21268  2.31719908
2.21494  2.40344128
2.21903  2.59349514
2.22039  2.66729599
2.22312  3.0086485
2.22449  3.20874399
2.22586  3.55229457
2.22723  3.73759193
2.22847157  3.74562372
2.2286  3.74347167
2.229975  3.60060259
2.23135  3.37791541
2.23272  3.04703256
2.2341  2.84201084
2.23548  2.65024054
2.23686  2.40795307
2.24239  2.12237235
2.24701  2.01406858
2.24933  1.98530084
2.25165  2.01572915
2.25397  1.94028481
2.25863  1.93107804
2.26097  1.93407756
2.2633  1.91537399
2.265645  2.00631293
2.26799  2.06501843
2.27034  2.21938975
2.2727  2.43635126
2.27741  2.7256245
2.27978  2.93582715
2.28215  3.27990106
2.28452  3.25192431
2.28689  3.56676078
2.28927  3.6916849
2.29166  3.7483011
2.294045  3.60573055
2.29643  3.37143088
2.29883  3.22781257
2.30363  3.08365299
2.30603  2.96740764
2.30844  2.91195861
2.31086  2.8073384
2.31327  2.71868677
2.31569  2.57610823
2.31812  2.51239444
2.32541  2.40497923
2.32785  2.34687623
2.3303  2.37964444
2.33274  2.32996889
2.33519  2.19353979
2.33728  2.25388002
2.33937  2.29333458
2.34134  2.23418465
2.34331  2.3163041
2.345285  2.26901917
2.34726  2.24967655
2.34924  2.36506561
2.35122  2.30868113
2.35519  2.29821186
2.35718  2.31055017
2.35917  2.34403351
2.36117  2.35202113
2.36316  2.33873273
2.36516  2.40247628
2.36667  2.50748434
2.36767  2.52364824
2.36867  2.58433702
2.37068  2.96569059
2.37193  3.40753834
2.37268  3.68589361
2.37369  3.90642737
2.37457375  3.92970586
2.3747  3.92553278
2.375705  3.67718797
2.37671  3.30579509
2.37873  2.74995902
2.38075  2.52137576
2.38176  2.4333771
2.38327  2.34559877
2.3853  2.24670843
2.38732  2.19129885
2.38935  2.19350142
2.39139  2.17257385
2.39342  2.03126286
2.39546  2.02324039
2.3975  2.03180832
2.39954  2.05047992
2.40159  2.01196331
2.40364  2.08702491
2.40569  1.99837078
2.40774  2.03796399
2.4098  1.9212216
2.41186  1.93096952
2.41392  1.95258145
2.415985  1.92563462
2.41805  1.91133145
2.42012  1.8736215
2.422195  1.87770151
2.42427  1.92775956
2.42842  1.90006509
2.43051  1.94248571
2.43259  1.90580449
2.43468  1.78541483
2.43677  1.75184847
2.43886  1.62564654
2.44096  1.47596914
2.44306  1.44165339
2.44516  1.58931097
2.44726  1.80094151
2.44937  2.2173552
2.45148  2.43331864
2.45359  2.80429397
2.45571  3.09704908
2.45783  3.27932708
2.45995  3.40034601
2.46194375  3.38061718
2.46633  3.12375772
2.46846  2.96903094
2.47059  2.84846937
2.47273  2.87255383
2.47487  2.74042127
2.477015  2.76582489
2.47916  2.84249471
2.48131  2.89040494
2.48346  2.98119514
2.48561  3.04556099
2.48723  3.13160475
2.48831  3.21085552
2.48939  3.27609473
2.49047  3.42336729
2.49155  3.65368999
2.49263  3.90381917
2.49372  4.05858438
2.4948  4.34135638
2.49588  4.73003281
2.49697  4.90871297
2.49805  5.10581838
2.49914  4.92402824
2.50023  4.84012967
2.5024  4.12237565
2.50349  3.91032563
2.50458  3.72397997
2.50594  3.53212408
2.50758  3.36038163
2.50922  3.30679952
2.51086  3.2323705
2.5125  3.05715649
2.51415  2.99322579
2.51579  3.02881397
2.51744  2.96061299
2.51909  2.81937652
2.52074  2.85045546
2.52294  2.71756745
2.5257  2.73517655
2.52846  2.69229176
2.53123  2.69687881
2.534  2.78478093
2.53677  2.64971204
2.53955  2.69125057
2.54234  2.63648893
2.54513  2.66521613
2.54792  2.79650001
2.550725  2.72589573
2.55353  2.6989665
2.55634  2.74617825
2.55915  2.75196268
2.56196  2.72402619
2.56478  2.74801506
2.56761  2.75016088
2.57044  2.85380158
2.57328  2.69897107
2.57612  2.65685999
2.57896  2.64346499
2.58181  2.57308845
2.58467  2.59280182
2.58753  2.58618056
2.59039  2.56756306
2.593265  2.63105173
2.59614  2.68046144
2.59902  2.78627134
2.6019  2.82610059
2.6041725  2.74569668
2.60594  2.63388828
2.60768  2.54935071
2.60942  2.54469469
2.61116  2.48760163
2.6129  2.5789666
2.61464  2.4406721
2.616385  2.49788571
2.61813  2.53436828
2.61988  2.45830004
2.62163  2.41803657
2.62339  2.40639443
2.62514  2.43320611
2.6269  2.4144336
2.62865  2.32364277
2.63041  2.42943301
2.63217  2.31408701
2.6357  2.29747034
2.63747  2.31617362
2.63924  2.30346736
2.64101  2.34747368
2.64278  2.32902331
2.64455  2.30025932
2.64633  2.30905246
2.6481  2.21818473
2.64988  2.27093816
2.65166  2.25606841
2.65339719  2.29789255
2.65493  2.46380481
2.65612  2.4322858
2.65723563  2.49825207
2.65731  2.51116586
2.65742157  2.55029933
2.6585  3.02098975
2.6597  3.50096179
2.66089  3.71909823
2.66100204  3.722341
2.66201032  3.70255391
2.662085  3.68780604
2.66219704  3.63681589
2.66328  3.02523955
2.66418  2.73029682
2.66448  2.63853415
2.66567  2.44099236
2.66687  2.2666019
2.66927  2.17665854
2.67077  2.19545669
2.67257  2.15580037
2.67437  2.20883791
2.67618  2.14143738
2.67799  2.14242688
2.67979  2.07378038
2.68161  2.04312335
2.68342  1.9931722
2.68523  2.00464785
2.68687938  2.00356171
2.68705  2.00473675
2.68887  2.08795589
2.69069  2.05349487
2.69251  2.16388856
2.69433  2.3338459
2.69616  2.45459012
2.69799  2.52548985
2.70165  2.46086516
2.70348  2.39123245
2.70531  2.31042307
2.70715  2.25091714
2.70899  2.24467106
2.71083  2.13338203
2.71267  2.12511177
2.71452  2.17761162
2.71636  2.11414804
2.71821  2.12231026
2.72006  2.04404784
2.72191  2.01299468
2.72377  2.00070159
2.72562  1.91085017
2.72934  1.68993002
2.7312  1.64433097
2.733065  1.7133782
2.73493  1.81950322
2.7368  1.89509248
2.74054  1.96089401
2.74241  1.92515745
2.74429  2.04561605
2.74616  1.91153665
2.74992  1.99134424
2.754  1.93949547
2.75652  2.00557856
2.75904  1.99224309
2.76156  1.88536599
2.76409  1.84029993
2.76662  1.88512157
2.76915  1.90904268
2.77169  1.96133017
2.77423  2.05535096
2.77677  2.08404951
2.77932  2.15253484
2.78187  2.13952779
2.78443  2.15585192
2.78698  2.15695771
2.78955  2.20300679
2.79211  2.17481517
2.79468  2.19186631
2.797255  2.17332913
2.79983  2.11472046
2.80241  2.10232912
2.804995  2.13244671
2.80758  2.1900542
2.81017  2.15276341
2.81276  2.25570703
2.81536  2.21284145
2.81796  2.26536126
2.82056  2.26455855
2.82578  2.45285839
2.8284  2.40679703
2.83364  2.66058858
2.83889  2.81891249
2.84153  3.03316083
2.84416  3.06181273
2.84681  3.16301508
2.84945  3.2832101
2.8521  3.37693331
2.85475  3.43542681
2.85741  3.30937209
2.86273  3.42723121
2.86539  3.43922018
2.868065  3.39111441
2.87074  3.3224821
2.87308  3.10229475
2.87509  2.83215707
2.87711  2.61919681
2.87912  2.50580798
2.88114  2.36548266
2.88316  2.1888519
2.88518  2.15789126
2.8872  2.04384655
2.88923  1.98694765
2.89125  1.9693564
2.89328  1.86923292
2.89532  1.87980898
2.89735  1.85065787
2.89939  1.86178247
2.90143  1.76824488
2.90347  1.83547474
2.90551  1.78124093
2.90755  1.70235456
2.9096  1.68008294
2.91165  1.6673859
2.9137  1.66404159
2.91575  1.6874584
2.91747  1.65836244
2.91884  1.64876505
2.92021  1.60862397
2.921585  1.66616196
2.92296  1.67292337
2.92433  1.7647787
2.92571  1.82396084
2.92709  1.82661155
2.92985  1.99335947
2.93123  2.115153
2.93261  2.16602666
2.93537  2.48576548
2.93676  2.6961425
2.93805375  3.00290048
2.93818344  3.01798631
2.93953  2.92736511
2.94091  2.9554145
2.9423  2.69908817
2.94369  2.52290083
2.94508  2.24200365
2.94647  2.03574389
2.94786  1.84344334
2.95065  1.62899753
2.95205  1.57708896
2.95414  1.4530885
2.95693  1.39618084
2.96254  1.32253106
2.96535  1.25641476
2.96816  1.23881188
2.97097  1.16204558
2.97379  1.14494992
2.97662  1.15828828
2.97945  1.07182973
2.98228  1.03228763
2.98511  1.15004138
2.98795  1.06430215
2.99078688  1.11235786
2.99329  1.1941038
2.99543  1.2537778
2.99757  1.41078869
2.99971  1.52070484
3.00186  1.58506874
3.004  1.75208466
3.00615  1.8987669
3.00831  2.06860084
3.01046  2.16560269
3.01262  2.37037781
3.01478  2.39349442
3.01694  2.33845384
3.0191  2.36429945
3.02127  2.29950434
3.02344  2.19258687
3.02561  2.11683099
3.02778  2.08158049
3.02996  1.98524484
3.03213  1.99730497
3.03417375  1.99672172
3.0365  2.06565712
3.03868  2.01578017
3.04087  2.03264907
3.04306  2.11968951
3.045255  1.95899284
3.04745  1.93767714
3.04964  1.87157905
3.05184  1.79266126
3.05404  1.76678007
3.05579844  1.79388924
3.05600532  1.8044658
3.05735  1.90759221
3.05882  2.08069694
3.06029  2.4233932
3.06177  2.64106972
3.06320556  2.76819886
3.06333219  2.75681648
3.064715  2.49024895
3.06619  2.13201919
3.06767  1.84681306
3.0690575  1.61759411
3.06915  1.60579375
3.069335  1.59637414
3.07063  1.55823509
3.07285  1.51754523
3.07879  1.42121021
3.081765  1.43297897
3.08474  1.51260538
3.08773  1.53522765
3.09072  1.61885825
3.09371  1.76951164
3.09385  1.77080764
3.09581  1.76811732
3.09595  1.77066252
3.09745  1.90833127
3.099335  1.96677508
3.10041313  2.00798645
3.10050688  2.02005993
3.10191313  2.32648964
3.10210063  2.3383748
3.10346  2.33049194
3.10497  2.389981
3.10647  2.69580264
3.10665875  2.7015194
3.10783844  2.69818384
3.10798  2.69946755
3.10949  2.78455851
3.111  2.95139508
3.11251  2.77910122
3.11402  2.74850507
3.11553  2.73093456
3.11705  2.51464931
3.12008  2.40923423
3.12159  2.37627281
3.12311  2.18454299
3.12463  2.10896989
3.12615  2.10823564
3.12767  2.03105724
3.1292  1.8914592
3.130625  1.84252705
3.13072  1.84638693
3.13081532  1.86201208
3.132245  2.20031328
3.13377  2.5059765
3.1353  2.87556208
3.13682  3.13065707
3.13835  3.23889678
3.13989  3.22483941
3.14142  3.24320883
3.14295  3.45013505
3.14448  3.53219621
3.14602  3.44992149
3.14755  3.45661589
3.15063  2.97112659
3.15371  2.40887136
3.15525  2.25361674
3.15679  2.25784502
3.15834  2.12916031
3.15988  2.03433056
3.16143  1.90034797
3.16298  1.96471085
3.16452  1.84755797
3.16607  1.8512648
3.16762  1.81200054
3.16918  1.75468886
3.17228  2.0234782
3.17384  2.10112189
3.175395  2.02767417
3.17685282  1.77285682
3.17695  1.76240181
3.17851  1.87897111
3.17865625  1.87237607
3.18085  1.70608637
3.18398  1.65507927
3.18711  1.63454652
3.19652  1.5134253
3.19967  1.4904917
3.20282  1.51418123
3.20598  1.49237616
3.208945  1.53941967
3.21191  1.57073094
3.21429  1.56545943
3.21667  1.62711901
3.21905  1.78553994
3.22143  1.79388314
3.22382  1.87817027
3.22621  1.99662458
3.22861  2.27230575
3.231  2.74269187
3.2334  2.92661595
3.2358  2.97707619
3.238205  2.93199565
3.24061  2.77841463
3.24302  2.61306275
3.24543  2.31752437
3.24785  2.31336149
3.25026  2.03332637
3.25269  1.93049971
3.25511  1.78442452
3.25753  1.79376956
3.26037  1.73729483
3.26361  1.62543051
3.26686  1.67314205
3.27011  1.62155588
3.27337  1.65080585
3.27663  1.62350358
3.2799  1.65087838
3.28644  2.01055131
3.289725  1.76427484
3.29301  1.62485946
3.2963  1.68094231
3.2996  1.64371184
3.3029  1.5914188
3.30621  1.60601757
3.30952  1.58179968
3.31284  1.61654122
3.31616  1.67184296
3.319485  1.6553102
3.32281  1.61560056
3.32615  1.54947928
3.329495  1.58363496
3.33284  1.73131148
3.33619  1.71645021
3.33954  1.65816608
3.34291  1.74412548
3.34627  1.67233207
3.349645  1.71336208
3.35302  1.7651701
3.3564  1.89278843
3.35979  1.83831619
3.36318  1.83025286
3.36658  1.87511544
3.36998  1.88678763
3.37339  1.97843868
3.37638  2.10546449
3.37894  2.0686217
3.38151  2.24187346
3.38407  2.30889095
3.386645  2.2519882
3.38922  1.89302902
3.3918  1.8216019
3.39438  1.67579143
3.39696  1.6616681
3.39955  1.67057158
3.40214  1.6288438
3.40473  1.72657207
3.40732  1.73742564
3.40992  1.8299268
3.41252  1.88955892
3.41513  1.90235544
3.41773  1.9033453
3.42034  1.96655011
3.42296  2.15045561
3.42557  2.27001958
3.42819  2.57969106
3.42835407  2.58276526
3.430815  2.56869235
3.43344  2.29542252
3.43606  2.14307923
3.4387  1.8773486
3.44133  1.88604189
3.44441  1.76298731
3.44793  1.65657843
3.45145  1.7122443
3.45499  1.60782259
3.45831  1.70799615
3.46163  1.78449287
3.46429  2.02465131
3.466955  2.00216799
3.46962  1.92506118
3.47229  1.79400576
3.47496  1.77494928
3.47763  1.78023456
3.48031  1.60695046
3.483  1.67768071
3.48568  1.64778067
3.48837  1.64520649
3.49106  1.63171026
3.493755  1.69217726
3.49645  1.78938898
3.49915  1.98351207
3.50186  2.16333686
3.50456  2.32561076
3.507275  2.24262002
3.50999  2.02382598
3.5127  1.83637473
3.51542  1.82858786
3.51815  1.6630213
3.520875  1.72777248
3.5236  1.77681389
3.52633  1.80943265
3.52907  1.66212986
3.53181  1.7186956
3.53409  1.85820564
3.53592  1.84407988
3.53609157  1.86542533
3.53775  2.11835336
3.53959  2.22843151
3.54119563  2.17225558
3.541425  2.15924418
3.54326  1.85338818
3.54509  1.82002421
3.54532  1.79012447
3.546815  1.56870766
3.54693  1.55652511
3.54700907  1.55396583
3.54946  1.60253811
3.55199  1.63819522
3.55476  1.6427764
3.5603  1.72305204
3.56307  1.64279207
3.56585  1.64517422
3.56863  1.74153978
3.57142  1.70153986
3.57421  1.66985657
3.577  1.44846976
3.57979  1.47255062
3.58259  1.34197149
3.58539  1.40379962
3.5882  1.3477134
3.59054  1.42027952
3.59241  1.39751706
3.594285  1.41744547
3.59616  1.55264412
3.59804  1.6326256
3.59992  1.52306974
3.6018  1.46713222
3.60368  1.27636617
3.60545188  1.05119587
3.60557  1.04041296
3.60745  1.06897183
3.60756813  1.06144009
3.60934  0.901760666
3.6117  0.802451336
3.61453  0.747211904
3.61737  0.736337717
3.620215  0.808521701
3.62306  0.847231046
3.62591  0.798956171
3.62876  0.804215921
3.63162  0.762977112
3.63448  0.772487535
3.63734  0.748288642
3.64021  0.788501955
3.64308  0.777758634
3.64595  0.852802007
3.64883  0.827091189
3.65171  0.76201903
3.65459  0.71670692
3.65748  0.74982835
3.66037  0.801204306
3.66326  0.8322488
3.66616  0.912972804
3.66906  0.880421928
3.67196  0.863886974
3.67487  0.810682725
3.67778  0.698912686
3.68069  0.685789935
3.68353219  0.773458624
3.68604  0.8237686
3.68799  0.767965818
3.68994  0.791432658
3.69189  0.904293448
3.69385  0.954655331
3.69397188  0.965772814
3.6958  1.17195237
3.69776  1.37964506
3.69972  1.6145733
3.70168  1.70317953
3.70364  1.64134603
3.7056  1.51026671
3.70757  1.33029081
3.70953  1.25940138
3.7115  1.12428808
3.71593  1.00193419
3.7187975  0.871708823
3.71889  0.869425582
3.71902907  0.870854768
3.72473063  1.01979902
3.72779  1.03871998
3.73077  1.12639
3.73374  1.1664817
3.73672  1.27529263
3.73971  1.47346651
3.7427  1.65288954
3.74569  1.72200903
3.74868  1.78226954
3.75168  1.89710334
3.754685  1.83301184
3.75769  1.82581534
3.7607  1.87093662
3.76372  1.83607987
3.766735  1.90204332
3.76975  1.98683461
3.77278  1.97099681
3.7758  1.97288805
3.778835  1.96277381
3.78187  1.94358191
3.78491  2.03942391
3.78795  1.97410001
3.791  1.72793827
3.79119063  1.72541179
3.7971  1.72866466
3.80016  1.6310568
3.80322  1.58275733
3.80629  1.60973806
3.80936  1.56670886
3.812175  1.65780707
3.81499  1.69839755
3.81704  1.95714995
3.81897125  2.18636752
3.81916422  2.19829407
3.821155  2.13311283
3.82321  2.0317008
3.82527  1.74540592
3.82784  1.5506602
3.83094  1.60701185
3.83404  1.61511725
3.83662  1.88704696
3.83869  2.04585674
3.84070016  1.99993303
3.84102438  1.95858335
3.84284  1.67611595
3.84491  1.46270301
3.8468925  1.13653729
3.84699  1.12607084
3.847055  1.12393305
3.84907  1.19629397
3.8492  1.19089356
3.85115  1.06348479
3.85375  1.02560386
3.85687  1.02993998
3.86  1.01653266
3.86628  1.07712122
3.86942  1.1161531
3.87256  1.04306777
3.87571  1.07387182
3.87886  1.11045422
3.88202  1.12727286
3.88518  1.18498269
3.88835  1.1792235
3.89152  1.26153632
3.89469  1.2096441
3.89786  1.28546648
3.90104  1.38449897
3.90423  1.58627268
3.90742  1.66644872
3.91061  1.70922118
3.9138  1.58383577
3.917  1.73868874
3.92021  1.81588408
3.92341  1.90608334
3.92663  2.03378387
3.92984  2.0795045
3.93306  1.91149964
3.93628  1.89898476
3.93951  1.89530481
3.94274  1.89644562
3.94598  1.85062583
3.94922  1.9421875
3.95246  2.12925479
3.95571  2.24843157
3.958965  2.03030458
3.96222  1.91769544
3.96547  1.82866636
3.96874  1.71322767
3.97201  1.63175984
3.97528  1.61118154
3.97855  1.47007285
3.98183  1.45355974
3.98512  1.45361423
3.9884  1.43510325
3.991695  1.43779244
3.99499  1.52033018
3.99829  1.5458601
4.0016  1.59767904
4.00491  1.50735229
4.00822  1.4090858
4.01485  1.43255729
4.01818  1.52675667
4.02151  1.52951329
4.02484  1.71750581
4.02818  1.63159724
4.03152  1.78216809
4.03486  1.88422474
4.03821  1.90761037
4.04157  1.99186168
4.04493  2.03246231
4.04829  2.2506398
4.05165  2.34638072
4.055025  2.31185555
4.0584  2.08192334
4.06178  1.829755
4.0646  1.64817414
4.06686  1.59326217
4.06903969  1.39334202
4.06911  1.39042152
4.06925188  1.39382992
4.07138  1.51547085
4.07159188  1.51723115
4.07364  1.51554178
4.075905  1.54289174
4.07817  1.67315592
4.08036907  1.84620548
4.08044  1.84794564
4.08058188  1.84149407
4.08271  1.66843731
4.08498  1.55178924
4.08783  1.21965286
4.09124  1.00849466
4.09466  0.926722584
4.09809  0.958649838
4.10152  0.900050583
4.10441688  1.01476595
4.10667  1.04465404
4.10896  1.21236711
4.11125  1.24905934
4.11139375  1.26238742
4.11355  1.50990438
4.11585  1.67691368
4.11815  1.81792061
4.120455  1.71780855
4.12276  1.49500529
4.12506  1.41942281
4.12795  1.33390694
4.13141  1.28797133
4.13489  1.20118673
4.13836  1.22094046
4.14184  1.08520623
4.14532  1.00554906
4.14881  0.984469052
4.15231  0.93905254
4.1552575  0.966181602
4.15989  1.13266277
4.16223  1.28171761
4.16457  1.39096696
4.16691  1.3367972
4.16917688  1.32028398
4.16932344  1.31138999
4.1716  1.05048911
4.17394  0.723107456
4.17621657  0.489883
4.17629  0.483769399
4.17643688  0.475144502
4.17852985  0.378225084
4.17864  0.374922316
4.1787136  0.374436459
4.18092141  0.404365957
4.1810686  0.408612985
4.18335  0.510516233
4.18571  0.537338777
4.1858575  0.544772927
4.18807  0.682485708
4.19043  0.894822649
4.19279  1.00319606
4.19516  1.1528944
4.19753  1.27048565
4.1999  1.52952195
4.20227  1.86435149
4.20464  1.8875986
4.20486313  1.91276504
4.20702  2.19818519
4.20939  2.56279073
4.21177  2.88960049
4.21415  2.97462114
4.21654  3.07735605
4.21892  2.84898039
4.22131  2.89119936
4.2237  2.84898217
4.22609  2.7442132
4.22849  2.57078763
4.23088  2.43615152
4.23328  2.20360056
4.23568  2.24604081
4.23868  2.07096562
4.24229  1.9986742
4.2459  1.9042474
4.24952  1.89794005
4.25314  1.97952895
4.25676  1.96461159
4.260395  2.05851428
4.26403  2.11341031
4.26767  2.28927273
4.271315  2.21371756
4.27496  2.20134975
4.27862  2.01250332
4.28228  1.7583792
4.28594  1.6899586
4.28961  1.70317787
4.29328  1.57989948
4.29696  1.76111037
4.30064  1.66244332
4.30433  1.64756146
4.30802  1.67398666
4.31171  1.74759692
4.315415  1.49070904
4.31912  1.38149325
4.32283  1.35661984
4.32655  1.29834763
4.3267825  1.31062377
4.33027  1.53706817
4.33399  1.7942076
4.33772  1.82737606
4.34146  1.68902223
4.3452  1.70147926
4.34894  1.7988241
4.35269  1.78211463
4.35582  2.05110311
4.35832  2.13799167
4.36083  1.96277089
4.36334  1.82286755
4.36648  1.67753333
4.37025  1.42619703
4.37403  1.39086734
4.37781  1.26077251
4.3816  1.18028079
4.38539  1.02712751
4.38919  1.03667672
4.39299  1.08063985
4.39679  1.2465952
4.40061  1.39232222
4.40442  1.51278972
4.40824  1.60335557
4.41207  1.47843793
4.41230938  1.49063441
4.4159  1.72215067
4.41974  1.59864517
4.42358  1.64456917
4.42743  1.68099392
4.43128  1.56483618
4.43513  1.48963146
4.439  1.60522935
4.44286  1.58646308
4.44673  1.49960418
4.45061  1.65036429
4.45449  1.71407488
4.45838  1.69710121
4.46227  1.55218393
4.46617  1.3904307
4.470075  1.53232531
4.47398  1.64897777
4.47789  1.70398634
4.48181  1.73438442
4.48573  1.7946491
4.48966  1.98396308
4.493595  1.88332146
4.49753  1.86954313
4.50148  1.66396568
4.50542  1.76012751
4.51257688  1.48660449
4.51268  1.48595466
4.512845  1.49370176
4.51532  1.66321798
4.51796  1.76045028
4.52061  1.95876004
4.52326  2.24516403
4.52591  2.21493275
4.52856  2.35756112
4.53122  2.23975856
4.53388  2.1992598
4.53654  2.10111764
4.539205  2.19306248
4.54170344  2.20507586
4.54187  2.20205577
4.544535  1.92834121
4.5472  1.76346295
4.54979625  1.3486596
4.54992172  1.33556737
4.55255  1.27169558
4.55523  1.18721862
4.55791  1.18598264
4.56059  1.17963602
4.563275  1.18792475
4.56596  1.36926344
4.56865  1.5329376
4.56890219  1.52725282
4.57134  1.43573027
4.57403  1.13248581
4.57673  0.978189034
4.57934563  0.903398523
4.57943  0.903019837
4.57959875  0.908127292
4.58213  1.02030235
4.58234125  1.01662301
4.5854704  0.924317695
4.58557344  0.926174678
4.58957  1.15202581
4.58982375  1.15399469
4.59337625  1.15285286
4.59363  1.15335744
4.5977  1.2174483
4.60178  1.16742833
4.605865  1.35937887
4.60995  1.4790138
4.61404  1.59135052
4.62224  1.70965913
4.62635  1.80415347
4.63047  1.86119668
4.63459  1.92794004
4.63871  1.89586934
4.64285  2.05004047
4.64698  2.08479302
4.65112  1.90445759
4.65527  1.96382218
4.65943  1.92787295
4.66359  1.90121067
4.66775  2.0806598
4.67192  1.88132748
4.6761  1.77057211
4.68028  1.68133236
4.68446  1.58420696
4.68866  1.70602381
4.69216  1.6831875
4.69496  1.83922992
4.69776  1.85162953
4.70057  2.09409422
4.70338  2.26516963
4.70619  2.46024586
4.709  2.4786924
4.71182  2.20871875
4.71464  1.91352261
4.71746  1.67028762
4.72028  1.50893601
4.72302157  1.24433557
4.72311  1.2385748
4.72328688  1.23562648
4.72594  1.24414189
4.72865946  1.21559941
4.72877  1.2178234
4.72894719  1.23143364
4.731605  1.49680068
4.73444  2.01272129
4.73728  2.37159542
4.74012  2.46116727
4.74295688  2.29973685
4.7508  2.23020453
4.755085  2.32656881
4.75937  2.5350672
4.76367  2.60682197
4.76797  2.85584758
4.76823907  2.85787305
4.772275  2.85444776
4.77658  2.68201506
4.7809  2.6020376
4.78523  2.70508683
4.78955  2.69039481
4.79317  2.36583652
4.79606  2.05398779
4.79895  1.89848843
4.80185  1.94383022
4.80456875  1.94662289
4.80475  1.94555665
4.80766  1.85229497
4.81056  1.93591184
4.81347  2.0792207
4.81638  2.1192964
4.819295  2.04458665
4.82221  1.99065968
4.82513  1.64315891
4.82795875  1.35633136
4.82805  1.34987923
4.83098  1.33243512
4.8339  1.22897913
4.83669266  1.20790728
4.83683  1.20957542
4.83701344  1.21984493
4.839765  1.41402323
4.8427  1.4540261
4.84564  1.57418672
4.84858  1.61435666
4.85152  1.7637964
4.85447  2.12088718
4.85741  2.4513511
4.86037  2.68746348
4.86332  2.8304674
4.86628  2.57334059
4.86924  2.51329319
4.8722  2.21323976
4.87516  1.97277924
4.87813  1.65771022
4.8811  1.42985695
4.88397719  1.26183809
4.88407  1.25928782
4.88705  1.37188377
4.89077  1.23877497
4.895245  1.34307975
4.89972  1.4283692
4.90346  1.60723617
4.90646  1.9991049
4.90945  2.22454844
4.91245  2.31434901
4.915455  2.27327294
4.91846  2.1907716
4.92146  2.05368669
4.92447  1.7523871
4.92749  1.52815838
4.9305  1.41751236
4.93427  1.5066926
4.93881  1.41409759
4.94335  1.41457997
4.94789  1.37573667
4.952445  1.59375398
4.957  1.64446425
4.96157  1.61525628
4.967285  1.36048991
4.97072  1.21177414
4.9753  1.10482018
4.979895  1.14488285
4.98449  1.23760878
4.98909  1.37843142
4.9937  1.55081243
4.99832  1.74604015
5.00294  1.78536186
5.00757  2.00480798
5.0122  1.92443309
5.01685  1.97433583
5.0215  1.88405456
5.03081  1.26268816
5.0347  1.16356285
5.03781  1.02442627
5.04093  0.996740869
5.04405  1.00728902
5.04717  0.987173169
5.0503  0.960856051
5.05343  0.990653285
5.05656  1.03382595
5.0597  1.1454535
5.06283  1.30082426
5.06598  1.50306357
5.06912  1.69140917
5.07227  1.79947998
5.07542  1.95677423
5.07857  2.12398382
5.07876719  2.11350283
5.081725  1.88332971
5.08488  1.6693073
5.08883  1.64859163
5.09358  1.3552223
5.09834  1.30368856
5.103105  1.3951793
5.10787  1.66331551
5.11264  1.77173053
5.11743  1.91122454
5.12222  1.80291753
5.12701  1.45611204
5.13101  1.46023881
5.13121063  1.44664999
5.13411969  1.20455547
5.13422  1.20191346
5.13432032  1.20655776
5.13743  1.52711637
5.14064  1.82525467
5.14385  2.14180412
5.14707  2.19683605
5.15008875  2.19374228
5.15029  2.19787973
5.15351  2.56507706
5.15371157  2.56903266
5.156735  2.55989907
5.15996  2.3710348
5.1632  2.1199139
5.16643  1.93401284
5.16967  1.79529057
5.17291  1.5099435
5.17697  1.40676571
5.18184  1.41913665
5.18672  1.40177617
5.19161  1.55205958
5.1965  1.79923093
5.2014  2.09827761
5.20631  2.18889532
5.211225  1.92078774
5.21614  1.52812494
5.22107  1.39940815
5.22601  1.24411057
5.23088266  1.24740186
5.24086  1.4460107
5.245825  1.36098061
5.25079  1.21414385
5.25577  1.07609366
5.26076  1.12447142
5.26575  1.09894694
5.27075  1.12738298
5.27575  1.26310999
5.28579  1.08218817
5.29082  0.885190932
5.29569282  0.854651757
5.29585  0.856903877
5.29600766  0.866670603
5.300895  1.26769522
5.30594  1.57488742
5.311  1.6651105
5.31607  1.62426086
5.32114  1.19940371
5.32613079  0.928258457
5.32628954  0.924005892
5.3264486  0.92350327
5.3313  0.925570264
5.33639  0.835214103
5.34149  0.696449098
5.3466  0.577214085
5.35172  0.525698418
5.35684  0.461520376
5.36188985  0.431358035
5.36213063  0.435255148
5.36711  0.580473902
5.37225  0.68647407
5.37732938  0.981201729
5.37749063  0.984308167
5.38257  0.884617148
5.38773  0.873849237
5.39291  0.942001421
5.39809  0.870802092
5.40328  0.932125052
5.40847  0.980636429
5.41368  1.01789212
5.41889  0.986747575
5.42411  0.998759896
5.4283975  0.991940373
5.42852  0.988562387
5.43195  0.787993791
5.43534063  0.54503511
5.43545  0.539513994
5.43894  0.535558926
5.43904938  0.530495328
5.44233063  0.314649433
5.44244  0.308802844
5.44254938  0.304834166
5.44577594  0.228013383
5.44594  0.225663226
5.44604954  0.226282699
5.449445  0.287104153
5.45284047  0.329836661
5.45295  0.330405853
5.453115  0.329301168
5.45636  0.290146453
5.4564425  0.291143929
5.45649743  0.293182042
5.45657969  0.29828948
5.45987032  0.581932006
5.45998  0.589434768
5.460145  0.59589979
5.4635  0.682674509
5.46702  0.880119158
5.47043969  0.995944942
5.47055  0.99732031
5.47077063  0.991665473
5.47396969  0.869949026
5.47408  0.867932818
5.47424548  0.870253045
5.47761  0.967302358
5.48115  0.995913279
5.48469  0.954003462
5.48823  1.08703157
5.49177  1.15603967
5.49520907  1.03316236
5.49532  1.03163349
5.49548688  1.03552139
5.49888  1.17189866
5.50243  1.24029093
5.50599  1.42078653
5.50956  1.46988758
5.51278625  1.47076261
5.51312  1.46689269
5.51334313  1.44847356
5.51657844  1.12609969
5.51669  1.11894947
5.51680188  1.11737126
5.52027  1.19064328
5.52379188  1.17857235
5.52832  1.07018667
5.5337  0.99771775
5.53909  0.982229278
5.544485  1.04229159
5.54988  1.2629458
5.5553  1.30895517
5.56071  1.29392999
5.56614  1.38891037
5.57158  1.49009512
5.577025  1.36474122
5.58247  1.16191648
5.58793  0.982630123
5.59339  0.867372234
5.59887  0.951616929
5.60435  1.17341789
5.60984  1.43934012
5.615345  1.38940983
5.62085  1.29995629
5.62636  1.12285245
5.62661923  1.12919635
5.63189  1.30963689
5.63742  1.15599535
5.64296  0.953840724
5.64851  1.01124513
5.65406  1.12440581
5.65963  1.13155148
5.6652  1.22234839
5.67078  1.26117503
5.67637  1.33508685
5.68197  1.40160715
5.68757  1.60827299
5.69319  1.6300689
5.69881  1.84953024
5.70444  2.01836867
5.71008  2.07763235
5.71573  1.91461338
5.72705  1.78622481
5.73272  1.58132819
5.7384  1.590282
5.74409  1.46692479
5.74979  1.47665613
5.75549  1.446939
5.76121  1.3589251
5.76693  1.49029949
5.77266  1.45532057
5.78415  1.43219639
5.78991  1.5473622
5.79568  1.52358378
5.80146  1.54351159
5.80724  1.37657836
5.81303  1.45145498
5.81883  1.35390624
5.824645  1.50893517
5.83046  1.51655287
5.83629  1.51285302
5.84213  1.60592389
5.84797  1.55809002
5.85285  1.64486845
5.85676  1.92092921
5.86067  2.01329345
5.86458  2.06615836
5.8685  1.85970992
5.87242  1.48971098
5.87635  1.21893311
5.88028  1.09574076
5.88421  0.997469711
5.88815  1.0311212
5.89209  1.15961567
5.89604  1.16908124
5.89999  1.15647211
5.90394  0.973040509
5.90777625  0.841007669
5.9079  0.838825958
5.90808587  0.841123853
5.911865  0.933858639
5.91583  0.942213998
5.9198  0.891448431
5.92377  0.974647927
5.92775  1.04709365
5.93173  1.04235985
5.93572  1.08986178
5.93964766  1.22933606
5.93977243  1.2267047
5.94358016  0.930505654
5.943705  0.923064256
5.94395469  0.916855799
5.9477  0.860156829
5.951575  0.852078434
5.9517  0.849600372
5.95188798  0.839768339
5.95558469  0.597710143
5.95567868  0.593618234
5.95577266  0.59252667
5.95596063  0.596756696
5.95972  0.712866672
5.96373  0.800752791
5.96876  0.968862248
5.97479  1.12321356
5.98084  1.12663884
5.9869  1.05469589
5.99296  0.877130818
5.99884032  0.874266688
5.99903  0.874903967
6.00512  0.979362751
6.01121  1.12050022
6.01731  1.16231633
6.02342  1.272816
6.02954  1.230384
6.03567  1.30064259
6.04181  1.47697396
6.047965  1.37650443
6.05412  1.35691621
6.06029  1.42754701
6.06646  1.44601356
6.07265  1.24792186
6.07884  1.15672027
6.08505  1.18800303
6.09126  1.15233141
6.09749  1.18083297
6.10372  1.01082198
6.1107425  0.74775417
6.11622  0.546806622
6.12248  0.4737143
6.12870102  0.431899582
6.12884829  0.433004328
6.13504  0.54097519
6.14133  0.595202999
6.14763  0.606102157
6.15552  0.795191051
6.16026  0.906089724
6.16765  0.968622015
6.1761  1.05687774
6.184585  0.914159576
6.19307  0.892058062
6.20159  0.905296644
6.21011  0.922888971
6.21866  1.1853415
6.22722  1.32319306
6.23581  1.51114311
6.24441  1.79144059
6.25302  1.87348475
6.26166  1.90458497
6.27031  1.97105074
6.27898  1.95159988
6.2855  1.96108471
6.28985  2.09412096
6.29863141  1.9243069
6.30292  1.77071297
6.30729  1.65117839
6.31166  1.42679496
6.31604  1.25963775
6.32042  1.06138141
6.32919  0.952801556
6.33359  0.942400673
6.33799  0.898022605
6.34239  0.866765682
6.34674833  0.794897352
6.34693797  0.798153693
6.351215  0.952208292
6.35563  1.05422397
6.36005  1.21066831
6.36448  1.32987151
6.368915  1.16595102
6.37335  1.08829568
6.37793563  1.1252418
6.38669  1.14370355
6.39114  1.14652061
6.39616313  0.948232665
6.39993047  0.792807678
6.40013985  0.788646454
6.40454  0.849318049
6.40901  0.952307758
6.41349  0.886910369
6.4137  0.893169878
6.41797  1.06594473
6.42246  1.07198462
6.42695  1.11387726
6.43145  1.31537512
6.43595  1.33958515
6.44031907  1.52893804
6.44046  1.53089267
6.44067141  1.52112054
6.44497  1.22904804
6.44948  0.984455132
6.45401  0.889386278
6.45853  0.948671105
6.45874235  0.940399498
6.46306  0.718169025
6.46987  0.577441834
6.47896  0.490264958
6.48807  0.481487764
6.49711085  0.415020529
6.49734305  0.418469781
6.506355  0.694353368
6.51551  0.768651429
6.524705  0.731720327
6.5339  0.701966243
6.54313  0.599476525
6.55238  0.486390646
6.56164  0.457869339
6.57093  0.325545804
6.58023  0.309573922
6.58940438  0.189005037
6.58955  0.187678101
6.58969618  0.187417409
6.598905  0.208835286
6.60811383  0.297622604
6.60826  0.299681332
6.60855344  0.30672247
6.61765  0.546535071
6.62705  0.655045214
6.63648  0.841147244
6.64592  1.07084
6.65302  1.20755213
6.65776  1.10473803
6.66725  1.24685103
6.672  1.26789497
6.68137125  1.21133021
6.68152  1.21320328
6.68181813  1.22929375
6.68629  1.51259242
6.69106  1.50611886
6.695845  1.61798978
6.70063  1.63587728
6.70542  1.49808433
6.71021  1.4046423
6.71501  1.35134295
6.71981  1.21823555
6.72462  1.24494791
6.73425  1.13642046
6.73908  1.12145047
6.74391  1.21958337
6.74995  1.13526242
6.75722  1.06930719
6.7645  1.07830922
6.77178  1.16383385
6.77909  1.20835363
6.786405  1.12621919
6.79372  1.00370436
6.80106  0.951264025
6.8084  0.85801521
6.81576  0.744611721
6.82314  0.867047261
6.83052  0.8986613
6.83792  0.734567268
6.84532  0.752906194
6.85274  0.835562436
6.86018  1.0295047
6.86762  1.09202396
6.87508  0.93715274
6.88254  0.888813557
6.89003  0.935883433
6.89752  0.96862774
6.90503  0.850413408
6.91254  0.791935161
6.92007  0.70670613
6.92761  0.638152795
6.93517  0.524226846
6.93540657  0.525655708
6.94274  0.604011668
6.95020157  0.545794525
6.95037934  0.547296701
6.957915  0.791780626
6.96551  0.962364259
6.97313  1.08338606
6.980765  0.997252592
6.9884  0.8552378
6.99606  0.780369619
7.00372  0.758242392
7.01141  0.84578855
7.0191  1.0331109
7.0268  1.1035235
7.03452  1.10181705
7.04225  1.17463338
7.05  1.12214434
7.05775  1.09015368
7.06682  1.16479111
7.0772  1.14757515
7.0876  0.844967133
7.09803  0.625987516
7.10848  0.466364875
7.11896  0.397508186
7.12947  0.412837932
7.13998  0.46235658
7.15052  0.557817981
7.16109  0.751076651
7.17168  0.905492833
7.1823  0.968286516
7.19293  0.992291962
7.2036  1.0039674
7.21428  1.09073408
7.22499  1.1472145
7.23573  0.984321179
7.24514  1.04047466
7.25322  1.09862781
7.26132  1.04284311
7.26943  1.10096613
7.27755  1.08785203
7.28569  1.13359835
7.29384  1.13627734
7.30201  1.12124198
7.31018  0.975566278
7.31838  1.12709766
7.32658  1.25743681
7.3348  1.32646803
7.34303  1.14857447
7.35128  1.17009078
7.359545  1.11151623
7.36781  1.0775391
7.37611  1.17036904
7.38441  1.22532955
7.39273  1.19936521
7.40105  1.05686558
7.4094  0.989578542
7.417765  1.01024901
7.42613  1.07431739
7.43452  1.19479629
7.44292  1.26842805
7.45152563  1.18673687
7.46259  1.03174031
7.47668  0.859534222
7.49081  0.832940465
7.50498  0.905368215
7.51919  0.843603681
7.53345  0.952869837
7.54774  0.895002358
7.56208  0.932541116
7.57645  0.888797967
7.59087  0.955119283
7.60533  0.945401968
7.61983  0.872660802
7.63437  0.716768193
7.648975  0.96504149
7.66358  1.16363514
7.67827  1.03522713
7.69296  0.876219514
7.70771  0.858040926
7.722525  1.06468817
7.73734  1.22877505
7.752245  1.0982535
7.76715  1.08411171
7.78211  1.04547661
7.79712  1.12703378
7.81218  1.01096153
7.83484  0.933331082
7.86491594  0.99853446
7.9265  1.23240507
7.95750782  1.09657106
8.01978  1.01495025
8.05124  0.815705072
8.08288  0.658775462
8.11472  0.645604178
8.14674  0.705274493
8.17895  0.661960389
8.211455  0.852226727
8.24396  0.926867566
8.276855  0.868238242
8.30975  0.822798953
8.34304  0.885559995
8.37633  0.987842026
8.40993  1.01083815
8.44372  0.844359383
8.47773  0.894780073
8.51193  0.856570697
8.54635  0.896900219
8.58098  0.900854818
8.61582  0.92160429
8.65087  0.834137597
8.68614  0.882587921
8.721735  0.682242295
8.75733  0.570104993
8.79325  0.56837287
8.82951  0.647488195
8.86577  0.785053346
8.90237  0.873261872
8.93919  0.896820872
9.01354  1.04926285
9.05118  1.00987298
9.08882  0.84416797
9.12681  0.762220882
9.16505  0.689722935
9.20353  0.691859236
9.24225  0.469044735
9.28134  0.564791179
9.32043  0.835238604
9.35001  0.841129867
9.3698  0.605152415
9.38966  0.693551077
9.40959  0.875326522
9.42957  0.923097238
9.45984579  0.898410439
9.50003  0.749454224
9.54065  0.823934794
9.58153  0.704671409
9.62268  0.598328976
9.66409  0.553813293
9.70591  0.575456513
9.74773  0.641933186
9.78996  0.727768221
9.83246  0.732903679
9.87525  0.716523242
9.93995  0.790680242
10.0272  0.706941945
10.1157  0.761002005
10.2053  0.768430708
10.2961  0.690234724
10.3881  0.78581542
10.4814  0.536281081
10.576  0.640881783
10.6718  0.523997843
10.769  0.688895411
10.8675  0.72354103
10.96805  0.707308279
11.0686  0.64281335
11.1713  0.518400784
11.27615  0.58873075
11.381  0.667380905
11.4881  0.705591897
11.5967  0.711387
11.7077  0.656974649
11.8187  0.649170033
11.9329  0.669160675
12.0471  0.694400056
12.1638  0.758615427
12.2823  0.747218282
12.4024  0.773143885
12.5244  0.599785664
12.6482  0.798903385
12.7738  0.817425776
12.9014  0.786411551
13.0308  0.8317684
13.16325  0.746983553
13.2957  0.668378781
13.4313  0.79049215
13.5689  0.689444149
13.7086  0.648679169
13.8506  0.849262471
13.9947  0.642656865
14.1423  0.723866875
14.2899  0.749616627
14.4411  0.78462321
14.5947  0.626616245
14.7507  0.633423112
14.9094  0.729922457
15.0705  0.606206848
15.2344  0.743450172
15.40235  0.721487587
15.5703  0.656835198
15.7439  0.662882715
15.9175  0.786295326
16.0955  0.80117396
16.27805  0.775056204
16.4606  0.721110179
16.6479  0.910101018
16.8385  0.813673823
17.0324  0.834133242
17.2296  0.818382727
17.4304  0.818951175
17.6347  0.764246032
17.8445  0.795699713
18.0543  0.887158202
18.27175  0.832113521
18.4892  0.79164081
18.7127  0.93667729
18.9403  0.902080175
19.172  0.84819213
19.4081  0.842276829
19.6300625  0.851342388
19.9995665  0.88970823
19.999711  0.892917004
19.9998194  0.899718203
20.0001478  0.940736675
20.0002512  0.949267022
20.0004234  0.954648325
21  0.998554085
22.8178616  1.05864345
24.677196  1.11255958
26.16854  1.15000361
28  1.18633067
30.4698762  1.22463408
32.68138  1.25257164
35.45466  1.27725358
37.48258  1.28679566
39.66989  1.28975485
40.28202  1.28968606
43  1.2908957
45  1.2862096
49  1.25767867
52  1.2237647
64.902928  1.04428342
71.4335215  0.95876453
76  0.895687167
85  0.781730334
94  0.687386843
99  0.639396781
104  0.59688185
110  0.551160098
116  0.508798892
122  0.469502698
128  0.433405086
134  0.400054792
140  0.369579092
146  0.34191417
150  0.324857869
